c,p,vb,debt,debt_diff,abs_debt_diff,debt_per_diff,abs_debt_per_diff,count,time
1.0,7.313706370637064,42.52061482351781,88.47785760492744,15.340793898556797,15.340793898556797,0.20975403059858594,0.20975403059858594,1,5917186888
1.0,7.313706370637064,44.372557617022935,88.47785760492744,15.340793898556797,15.340793898556797,0.20975403059858594,0.20975403059858594,1,5917186888
1.0,7.313706370637064,46.22450041052805,73.8908001268033,0.7537364204326593,0.7537364204326593,0.010305806416548888,0.010305806416548888,1,5917186888
1.0,7.313706370637064,46.49840548873824,74.10436574040298,0.9673020340323433,0.9673020340323433,0.013225880080664025,0.013225880080664025,1,5917186888
1.0,7.313706370637064,48.076443204033176,75.25475112731635,2.117687420945714,2.117687420945714,0.028955051155017203,0.028955051155017203,1,5917186888
1.0,7.313706370637064,49.9283859975383,76.45314245465057,3.316078748279935,3.316078748279935,0.04534060543629791,0.04534060543629791,1,5917186888
1.0,7.313706370637064,51.78032879104342,77.49720071226788,4.3601370058972435,4.3601370058972435,0.05961597013796237,0.05961597013796237,1,5917186888
1.0,7.313706370637064,53.63227158454854,78.39744690365673,5.260383197286089,5.260383197286089,0.07192499849878278,0.07192499849878278,1,5917186888
1.0,7.313706370637064,55.484214378053665,79.16385439301524,6.026790686644603,6.026790686644603,0.08240405590851792,0.08240405590851792,1,5917186888
1.0,7.313706370637064,57.33615717155878,79.78462803180787,6.64756432543723,6.64756432543723,0.09089186779668584,0.09089186779668584,1,5917186888
1.0,7.313706370637064,59.188099965063905,80.29491829994122,7.157854593570576,7.157854593570576,0.09786904519858497,0.09786904519858497,1,5917186888
1.0,7.313706370637064,61.04004275856903,81.06640161143231,7.929337905061672,7.929337905061672,0.1084175041111335,0.1084175041111335,1,5917186888
1.0,7.313706370637064,62.89198555207415,81.41896403556785,8.281900329197214,8.281900329197214,0.11323807532726823,0.11323807532726823,1,5917186888
1.0,7.313706370637064,64.74392834557928,81.67213637536508,8.535072668994445,8.535072668994445,0.11669969009503718,0.11669969009503718,1,5917186888
1.0,7.313706370637064,66.5958711390844,81.82575925230874,8.688695545938103,8.688695545938103,0.11880016923869573,0.11880016923869573,1,5917186888
1.0,7.313706370637064,68.44781393258951,81.88081093802184,8.743747231651199,8.743747231651199,0.11955288862505387,0.11955288862505387,1,5917186888
1.0,7.313706370637064,70.29975672609464,81.83452295102438,8.697459244653743,8.697459244653743,0.11891999492312331,0.11891999492312331,1,5917186888
1.0,7.313706370637064,72.15169951959976,81.68345033716038,8.54638663078974,8.54638663078974,0.11685438541943137,0.11685438541943137,1,5917186888
1.0,7.313706370637064,74.00364231310488,81.42352160448962,8.286457898118982,8.286457898118982,0.11330039077569895,0.11330039077569895,1,5917186888
1.0,7.313706370637064,75.85558510661001,81.04865368587576,7.911589979505123,7.911589979505123,0.10817483747048462,0.10817483747048462,1,5917186888
1.0,7.313706370637064,77.70752790011512,80.55364542839624,7.416581722025597,7.416581722025597,0.10140661035834793,0.10140661035834793,1,5917186888
1.0,7.313706370637064,79.55947069362024,79.91891332573871,6.781849619368074,6.781849619368074,0.09272794498006813,0.09272794498006813,1,5917186888
1.0,7.313706370637064,81.41141348712537,79.11898936988028,5.981925663509642,5.981925663509642,0.08179061833170893,0.08179061833170893,1,5917186888
1.0,7.313706370637064,83.26335628063049,78.13908649901578,5.0020227926451355,5.0020227926451355,0.06839244753832566,0.06839244753832566,1,5917186888
1.0,7.313706370637064,85.1152990741356,76.9815663844149,3.8445026780442646,3.8445026780442646,0.05256572363198917,0.05256572363198917,1,5917186888
1.0,7.313706370637064,86.96724186764074,75.65873495586818,2.521671249497544,2.521671249497544,0.03447870507382555,0.03447870507382555,1,5917186888
1.0,7.313706370637064,88.49114675375321,74.45637701904053,1.319313312669891,1.319313312669891,0.018038915507555053,0.018038915507555053,1,5917186888
1.0,7.313706370637064,90.0150516398657,73.11583177216436,-0.02123193420628411,0.02123193420628411,-0.00029030334457404107,0.00029030334457404107,1,5917186888
1.0,7.313706370637064,90.34308954725833,72.80341827387416,-0.33364543249648193,0.33364543249648193,-0.004561919984045239,0.004561919984045239,1,5917186888
1.0,7.313706370637064,90.67112745465097,72.48142602832694,-0.6556376780437034,0.6556376780437034,-0.008964506432414976,0.008964506432414976,1,5917186888
1.0,7.313706370637064,92.5230702481561,70.46413077410779,-2.672932932262853,2.672932932262853,-0.03654689970866339,0.03654689970866339,1,5917186888
1.0,7.313706370637064,94.37501304166122,67.4599165559008,-5.677147150469835,5.677147150469835,-0.07762339452486558,0.07762339452486558,1,5917186888
1.0,7.516967486222307,43.34722236675095,89.86186080356562,14.692185941342544,14.692185941342544,0.1954536316442973,0.1954536316442973,1,82779569
1.0,7.516967486222307,45.23519562552259,74.69379861186596,-0.47587625035711767,0.47587625035711767,-0.00633069454177288,0.00633069454177288,1,82779569
1.0,7.516967486222307,46.525921451140086,75.69066395367894,0.5209890914558599,0.5209890914558599,0.006930841358709744,0.006930841358709744,1,82779569
1.0,7.516967486222307,47.12316888429424,76.13805111604734,0.9683762538242604,0.9683762538242604,0.012882538811018899,0.012882538811018899,1,82779569
1.0,7.516967486222307,49.01114214306588,77.48467989440788,2.3150050321848,2.3150050321848,0.030797060602269787,0.030797060602269787,1,82779569
1.0,7.516967486222307,50.89911540183753,78.6822679313308,3.512593069107723,3.512593069107723,0.046728858087332174,0.046728858087332174,1,82779569
1.0,7.516967486222307,52.78708866060917,79.70354465153326,4.533869789310188,4.533869789310188,0.06031514434005765,0.06031514434005765,1,82779569
1.0,7.516967486222307,54.675061919380816,80.50532245761832,5.335647595395244,5.335647595395244,0.07098138451675946,0.07098138451675946,1,82779569
1.0,7.516967486222307,56.56303517815246,81.18713369805441,6.017458835831334,6.017458835831334,0.08005168103840557,0.08005168103840557,1,82779569
1.0,7.516967486222307,58.451008436924106,81.75908097748733,6.589406115264254,6.589406115264254,0.08766043124892901,0.08766043124892901,1,82779569
1.0,7.516967486222307,60.33898169569575,82.22778834344517,7.058113481222094,7.058113481222094,0.09389575642250365,0.09389575642250365,1,82779569
1.0,7.516967486222307,62.226954954467395,82.5967730000972,7.427098137874125,7.427098137874125,0.09880444675977511,0.09880444675977511,1,82779569
1.0,7.516967486222307,64.11492821323904,82.8671928722432,7.697518010020119,7.697518010020119,0.10240190640878437,0.10240190640878437,1,82779569
1.0,7.516967486222307,66.00290147201069,83.03601512945622,7.8663402672331415,7.8663402672331415,0.10464778890757732,0.10464778890757732,1,82779569
1.0,7.516967486222307,67.89087473078234,83.10232841664623,7.932653554423155,7.932653554423155,0.10552997028339885,0.10552997028339885,1,82779569
1.0,7.516967486222307,69.77884798955398,83.06347269277978,7.893797830556707,7.893797830556707,0.10501306337994788,0.10501306337994788,1,82779569
1.0,7.516967486222307,71.66682124832562,82.91502672976873,7.745351867545651,7.745351867545651,0.10303825155213114,0.10303825155213114,1,82779569
1.0,7.516967486222307,73.55479450709727,82.65343440737875,7.483759545155678,7.483759545155678,0.09955822688966667,0.09955822688966667,1,82779569
1.0,7.516967486222307,75.44276776586892,82.27161567913724,7.101940816914166,7.101940816914166,0.09447880185634917,0.09447880185634917,1,82779569
1.0,7.516967486222307,77.33074102464056,81.763393293784,6.59371843156093,6.59371843156093,0.08771779901464812,0.08771779901464812,1,82779569
1.0,7.516967486222307,79.2187142834122,81.11181375785443,5.942138895631359,5.942138895631359,0.07904968202300437,0.07904968202300437,1,82779569
1.0,7.516967486222307,81.10668754218385,80.28787500560549,5.11820014338241,5.11820014338241,0.06808862952731207,0.06808862952731207,1,82779569
1.0,7.516967486222307,82.9946608009555,79.27210384504917,4.102428982826098,4.102428982826098,0.05457558503938395,0.05457558503938395,1,82779569
1.0,7.516967486222307,84.88263405972714,78.06230741148423,2.892632549261151,2.892632549261151,0.03848137636038731,0.03848137636038731,1,82779569
1.0,7.516967486222307,86.73137484185673,76.6987186146834,1.5290437524603249,1.5290437524603249,0.0203412314242795,0.0203412314242795,1,82779569
1.0,7.516967486222307,88.58011562398634,75.16890296513937,-0.00077189708370895,0.00077189708370895,-1.0268729845163545e-5,1.0268729845163545e-5,1,82779569
1.0,7.516967486222307,88.61934810062839,75.1344004215277,-0.035274440695374665,0.035274440695374665,-0.00046926424465754905,0.00046926424465754905,1,82779569
1.0,7.516967486222307,88.65858057727043,75.09979587115828,-0.06987899106479745,0.06987899106479745,-0.0009296167795441072,0.0009296167795441072,1,82779569
1.0,7.516967486222307,90.54655383604208,73.29440609722708,-1.8752687649959938,1.8752687649959938,-0.024947144821806596,0.024947144821806596,1,82779569
1.0,7.516967486222307,92.43452709481372,71.15266316571861,-4.017011696504468,4.017011696504468,-0.05343925863544262,0.05343925863544262,1,82779569
1.0,7.516967486222307,94.32250035358535,67.95478129760447,-7.214893564618606,7.214893564618606,-0.09598143902900516,0.09598143902900516,1,82779569
1.0,7.516967486222307,96.210473612357,65.45477944898693,-9.71489541323615,9.71489541323615,-0.1292395561247588,0.1292395561247588,1,82779569
1.0,7.720228601807549,44.17468963689618,91.24586400220312,14.043577984127623,14.043577984127623,0.18190624537775446,0.18190624537775446,1,73840974
1.0,7.720228601807549,46.09867898392641,77.34157392791,0.13928790983450767,0.13928790983450767,0.001804194111582343,0.001804194111582343,1,73840974
1.0,7.720228601807549,46.19920843260323,77.41388161741034,0.21159559933484218,0.21159559933484218,0.0027407944796518195,0.0027407944796518195,1,73840974
1.0,7.720228601807549,48.02266833095664,78.63881526130353,1.436529243228037,1.436529243228037,0.018607340757910977,0.018607340757910977,1,73840974
1.0,7.720228601807549,49.94665767798687,79.76756951287514,2.565283494799644,2.565283494799644,0.033228076875845745,0.033228076875845745,1,73840974
1.0,7.720228601807549,51.8706470250171,80.74332785457608,3.5410418365005825,3.5410418365005825,0.04586705937271744,0.04586705937271744,1,73840974
1.0,7.720228601807549,53.79463637204733,81.5778166285428,4.375530610467308,4.375530610467308,0.05667617937431099,0.05667617937431099,1,73840974
1.0,7.720228601807549,55.71862571907756,82.28525720533413,5.082971187258636,5.082971187258636,0.06583964607043567,0.06583964607043567,1,73840974
1.0,7.720228601807549,57.64261506610779,82.8778866904702,5.675600672394708,5.675600672394708,0.07351596649697485,0.07351596649697485,1,73840974
1.0,7.720228601807549,59.566604413138016,83.3646759158987,6.1623898978232035,6.1623898978232035,0.07982133969945389,0.07982133969945389,1,73840974
1.0,7.720228601807549,61.490593760168245,83.75038020884516,6.54809419076966,6.54809419076966,0.08481736135684563,0.08481736135684563,1,73840974
1.0,7.720228601807549,63.414583107198474,84.03742986234275,6.83514384426725,6.83514384426725,0.08853551101669356,0.08853551101669356,1,73840974
1.0,7.720228601807549,65.3385724542287,84.22474945883607,7.022463440760575,7.022463440760575,0.09096185881226877,0.09096185881226877,1,73840974
1.0,7.720228601807549,67.26256180125893,84.30749794458896,7.105211926513462,7.105211926513462,0.09203369865045068,0.09203369865045068,1,73840974
1.0,7.720228601807549,69.18655114828915,84.28229894014153,7.080012922066032,7.080012922066032,0.09170729634104847,0.09170729634104847,1,73840974
1.0,7.720228601807549,71.11054049531938,84.14268844638738,6.940402428311884,6.940402428311884,0.08989892380501423,0.08989892380501423,1,73840974
1.0,7.720228601807549,73.03452984234961,83.88487692539994,6.682590907324439,6.682590907324439,0.08655949521701771,0.08655949521701771,1,73840974
1.0,7.720228601807549,74.95851918937984,83.50235711499441,6.300071096918913,6.300071096918913,0.08160472211203522,0.08160472211203522,1,73840974
1.0,7.720228601807549,76.88250853641007,82.98713437554329,5.784848357467794,5.784848357467794,0.0749310500483545,0.0749310500483545,1,73840974
1.0,7.720228601807549,78.8064978834403,82.32540715425203,5.123121136176536,5.123121136176536,0.06635970772908267,0.06635970772908267,1,73840974
1.0,7.720228601807549,80.73048723047053,81.48605555591139,4.283769537835894,4.283769537835894,0.05548759963963928,0.05548759963963928,1,73840974
1.0,7.720228601807549,82.65447657750076,80.44434948042554,3.242063462350046,3.242063462350046,0.04199439718133446,0.04199439718133446,1,73840974
1.0,7.720228601807549,84.57846592453099,79.19234627005592,1.9900602519804238,1.9900602519804238,0.0257772192330482,0.0257772192330482,1,73840974
1.0,7.720228601807549,86.50245527156122,77.73630051993811,0.5340145018626146,0.5340145018626146,0.00691708146747863,0.00691708146747863,1,73840974
1.0,7.720228601807549,86.84625636599299,77.4555252937942,0.2532392757186983,0.2532392757186983,0.003280204366738661,0.003280204366738661,1,73840974
1.0,7.720228601807549,87.19005746042477,77.16874892609215,-0.03353709198334798,0.03353709198334798,-0.0004344054264856339,0.0004344054264856339,1,73840974
1.0,7.720228601807549,88.77024571302323,75.76921800458527,-1.433068013490228,1.433068013490228,-0.01856250750340089,0.01856250750340089,1,73840974
1.0,7.720228601807549,90.35043396562168,74.18881303860546,-3.0134729794700377,3.0134729794700377,-0.03903346824165917,0.03903346824165917,1,73840974
1.0,7.720228601807549,92.2744233126519,71.93725237368221,-5.265033644393284,5.265033644393284,-0.06819789822234763,0.06819789822234763,1,73840974
1.0,7.720228601807549,94.19841265968213,68.55293879942515,-8.649347218650348,8.649347218650348,-0.11203485887225234,0.11203485887225234,1,73840974
1.0,7.720228601807549,96.12240200671236,65.87982215326004,-11.322463864815461,11.322463864815461,-0.14665969686654762,0.14665969686654762,1,73840974
1.0,7.720228601807549,98.04639135374259,63.04128586154925,-14.16100015652625,14.16100015652625,-0.1834272129352583,0.1834272129352583,1,73840974
1.0,7.923489717392792,45.00142945857672,78.18462927418531,-1.0502678997426074,1.0502678997426074,-0.013255117848353766,0.013255117848353766,1,78957755
1.0,7.923489717392792,45.74725554306623,78.72304155439444,-0.5118556195334776,0.5118556195334776,-0.006459977078154177,0.006459977078154177,1,78957755
1.0,7.923489717392792,46.49143521235818,79.23485993719758,-3.723673033562136e-5,3.723673033562136e-5,-4.699536651619967e-7,4.699536651619967e-7,1,78957755
1.0,7.923489717392792,46.49308162755573,79.23596290513638,0.0010657312084561,0.0010657312084561,1.3450275654636383e-5,1.3450275654636383e-5,1,78957755
1.0,7.923489717392792,47.70725403520504,80.01410415111157,0.7792069771836481,0.7792069771836481,0.009834138807212896,0.009834138807212896,1,78957755
1.0,7.923489717392792,48.92142644285434,80.72538185081727,1.490484676889352,1.490484676889352,0.0188109624679338,0.0188109624679338,1,78957755
1.0,7.923489717392792,50.88142493499315,81.74537831581603,2.510481141888107,2.510481141888107,0.03168403356891306,0.03168403356891306,1,78957755
1.0,7.923489717392792,52.84142342713195,82.61820440896926,3.383307235041343,3.383307235041343,0.042699711310468055,0.042699711310468055,1,78957755
1.0,7.923489717392792,54.80142191927076,83.35608210633299,4.121184932405072,4.121184932405072,0.05201224560636067,0.05201224560636067,1,78957755
1.0,7.923489717392792,56.76142041140957,83.97247199202434,4.7375748180964194,4.7375748180964194,0.0597915184731925,0.0597915184731925,1,78957755
1.0,7.923489717392792,58.72141890354837,84.4784189769969,5.243521803068987,5.243521803068987,0.06617692443720817,0.06617692443720817,1,78957755
1.0,7.923489717392792,60.68141739568718,84.88158564818609,5.64668847425817,5.64668847425817,0.0712651707222282,0.0712651707222282,1,78957755
1.0,7.923489717392792,62.641415887825985,85.18497463590896,5.950077461981039,5.950077461981039,0.0750941526297443,0.0750941526297443,1,78957755
1.0,7.923489717392792,64.6014143799648,85.38983030155198,6.154933127624062,6.154933127624062,0.07767957487359914,0.07767957487359914,1,78957755
1.0,7.923489717392792,66.5614128721036,85.4924130013289,6.2575158274009794,6.2575158274009794,0.07897424052517105,0.07897424052517105,1,78957755
1.0,7.923489717392792,68.52141136424241,85.48637554622451,6.251478372296589,6.251478372296589,0.07889804360538281,0.07889804360538281,1,78957755
1.0,7.923489717392792,70.48140985638122,85.36305883696858,6.1281616630406575,6.1281616630406575,0.07734170020551395,0.07734170020551395,1,78957755
1.0,7.923489717392792,72.44140834852001,85.11575012790959,5.880852953981673,5.880852953981673,0.07422049076523261,0.07422049076523261,1,78957755
1.0,7.923489717392792,74.40140684065882,84.7390422559084,5.504145081980482,5.504145081980482,0.06946617309161612,0.06946617309161612,1,78957755
1.0,7.923489717392792,76.36140533279763,84.22400646695438,4.989109293026459,4.989109293026459,0.06296606004390848,0.06296606004390848,1,78957755
1.0,7.923489717392792,78.32140382493644,83.55895882464522,4.324061650717297,4.324061650717297,0.05457269214631001,0.05457269214631001,1,78957755
1.0,7.923489717392792,80.28140231707525,82.71310527995739,3.47820810602947,3.47820810602947,0.043897426892527944,0.043897426892527944,1,78957755
1.0,7.923489717392792,82.24140080921406,81.65638291648257,2.421485742554651,2.421485742554651,0.030560849182895592,0.030560849182895592,1,78957755
1.0,7.923489717392792,84.20139930135286,80.37391947508874,1.1390223011608214,1.1390223011608214,0.014375260671577099,0.014375260671577099,1,78957755
1.0,7.923489717392792,86.16139779349167,78.86785297659553,-0.36704419733239035,0.36704419733239035,-0.004632355318474061,0.004632355318474061,1,78957755
1.0,7.923489717392792,88.12139628563048,77.14733051038522,-2.0875666635427024,2.0875666635427024,-0.026346556100909687,0.026346556100909687,1,78957755
1.0,7.923489717392792,90.08139477776928,75.17085187066364,-4.06404530326428,4.06404530326428,-0.05129110339278064,0.05129110339278064,1,78957755
1.0,7.923489717392792,92.04139326990808,72.82644944839798,-6.408447725529939,6.408447725529939,-0.08087910698568591,0.08087910698568591,1,78957755
1.0,7.923489717392792,94.0013917620469,69.26925758105554,-9.965639592872378,9.965639592872378,-0.12577336436743117,0.12577336436743117,1,78957755
1.0,7.923489717392792,95.9613902541857,66.42674701358959,-12.808150160338329,12.808150160338329,-0.16164784226605677,0.16164784226605677,1,78957755
1.0,7.923489717392792,97.92138874632451,63.399669977528454,-15.835227196399465,15.835227196399465,-0.1998516785052384,0.1998516785052384,1,78957755
1.0,7.923489717392792,99.88138723846332,60.19901459329132,-19.035882580636603,19.035882580636603,-0.2402461952951246,0.2402461952951246,1,78957755
1.0,8.126750832978034,45.82838400270394,80.39949480367342,-0.8680135261069211,0.8680135261069211,-0.010680941792684924,0.010680941792684924,1,78169280
1.0,8.126750832978034,47.76308457403594,81.6052084534673,0.33770012368695745,0.33770012368695745,0.004155413776396142,0.004155413776396142,1,78169280
1.0,8.126750832978034,49.697785145367945,82.64859642035861,1.3810880905782739,1.3810880905782739,0.01699434520588318,0.01699434520588318,1,78169280
1.0,8.126750832978034,51.63248571669995,83.54652525969308,2.2790169299127427,2.2790169299127427,0.028043396146275115,0.028043396146275115,1,78169280
1.0,8.126750832978034,53.56718628803195,84.31082283496139,3.043314505181044,3.043314505181044,0.037448108939570214,0.037448108939570214,1,78169280
1.0,8.126750832978034,55.50188685936395,84.95231273254925,3.684804402768904,3.684804402768904,0.04534166825708638,0.04534166825708638,1,78169280
1.0,8.126750832978034,57.43658743069595,85.48230526885446,4.21479693907412,4.21479693907412,0.0518632480027644,0.0518632480027644,1,78169280
1.0,8.126750832978034,59.37128800202795,85.91052078714068,4.643012457360342,4.643012457360342,0.05713245739637028,0.05713245739637028,1,78169280
1.0,8.126750832978034,61.30598857335996,86.2431432295405,4.975634899760152,4.975634899760152,0.06122539009771558,0.06122539009771558,1,78169280
1.0,8.126750832978034,63.240689144691956,86.48251712732089,5.215008797540548,5.215008797540548,0.06417089565953282,0.06417089565953282,1,78169280
1.0,8.126750832978034,65.17538971602396,86.62868321319618,5.361174883415842,5.361174883415842,0.06596947529953061,0.06596947529953061,1,78169280
1.0,8.126750832978034,67.11009028735596,86.6776179797698,5.410109649989465,5.410109649989465,0.06657161959531789,0.06657161959531789,1,78169280
1.0,8.126750832978034,69.04479085868796,86.62180548592801,5.354297156147666,5.354297156147666,0.06588484458536786,0.06588484458536786,1,78169280
1.0,8.126750832978034,70.97949143001998,86.44890862477584,5.181400294995498,5.181400294995498,0.06375734166685142,0.06375734166685142,1,78169280
1.0,8.126750832978034,72.91419200135198,86.15167918802496,4.884170858244616,4.884170858244616,0.06009992134156302,0.06009992134156302,1,78169280
1.0,8.126750832978034,74.84889257268398,85.72329454147244,4.4557862116921,4.4557862116921,0.054828630817751856,0.054828630817751856,1,78169280
1.0,8.126750832978034,76.78359314401598,85.15509749188352,3.8875891621031826,3.8875891621031826,0.04783694298005913,0.04783694298005913,1,78169280
1.0,8.126750832978034,78.71829371534798,84.43177001515227,3.164261685371926,3.164261685371926,0.0389363689179626,0.0389363689179626,1,78169280
1.0,8.126750832978034,80.65299428667998,83.5205667247998,2.2530583950194654,2.2530583950194654,0.027723975317129737,0.027723975317129737,1,78169280
1.0,8.126750832978034,82.43578065000892,82.49060395889535,1.223095629115008,1.223095629115008,0.015050241532590542,0.015050241532590542,1,78169280
1.0,8.126750832978034,84.21802529176065,81.26751132308628,2.993305940890423e-6,2.993305940890423e-6,3.6832751519139796e-8,3.6832751519139796e-8,1,78169280
1.0,8.126750832978034,84.21856701333785,81.26711007000617,-0.0003982597741725158,0.0003982597741725158,-4.900602742197944e-6,4.900602742197944e-6,1,78169280
1.0,8.126750832978034,84.37048122134092,81.15388235631207,-0.11362597346827386,0.11362597346827386,-0.0013981722314800663,0.0013981722314800663,1,78169280
1.0,8.126750832978034,84.52239542934399,81.03925107031604,-0.22825725946429998,0.22825725946429998,-0.002808714874560212,0.002808714874560212,1,78169280
1.0,8.126750832978034,86.45709600067599,79.4577842706996,-1.809724059080736,1.809724059080736,-0.022268728256524702,0.022268728256524702,1,78169280
1.0,8.126750832978034,88.39179657200799,77.65530108581588,-3.6122072439644626,3.6122072439644626,-0.044448357261136495,0.044448357261136495,1,78169280
1.0,8.126750832978034,90.32649714333999,75.57556812897104,-5.691940200809299,5.691940200809299,-0.07003955600203257,0.07003955600203257,1,78169280
1.0,8.126750832978034,92.261197714672,73.11229470838127,-8.15521362139907,8.15521362139907,-0.10035023577080197,0.10035023577080197,1,78169280
1.0,8.126750832978034,94.195898286004,69.43509714958209,-11.83241118019825,11.83241118019825,-0.14559830150301634,0.14559830150301634,1,78169280
1.0,8.126750832978034,96.130598857336,66.47701722787804,-14.790491101902305,14.790491101902305,-0.18199759542132232,0.18199759542132232,1,78169280
1.0,8.126750832978034,98.065299428668,63.32826134531786,-17.93924698446248,17.93924698446248,-0.22074316480413947,0.22074316480413947,1,78169280
1.0,8.126750832978034,100.0,60.00000238418551,-21.267505945594834,21.267505945594834,-0.26169752687989567,0.26169752687989567,1,78169280
1.0,8.330011948563277,46.65565831025638,82.50906757299937,-0.7910519126333924,0.7910519126333924,-0.009496407898548448,0.009496407898548448,0,41013417
1.0,8.330011948563277,50.46596843095235,84.48491172733337,1.184792241700606,1.184792241700606,0.014223175777136235,0.014223175777136235,0,41013417
1.0,8.330011948563277,54.276278551648325,85.93208326697128,2.631963781338513,2.631963781338513,0.03159615853603262,0.03159615853603262,0,41013417
1.0,8.330011948563277,58.0865886723443,86.93244139856253,3.6323219129297684,3.6323219129297684,0.04360524252976918,0.04360524252976918,0,41013417
1.0,8.330011948563277,61.89689879304027,87.55360739599762,4.2534879103648535,4.2534879103648535,0.051062206592614505,0.051062206592614505,0,41013417
1.0,8.330011948563277,65.70720891373624,87.8235701628126,4.523450677179838,4.523450677179838,0.054303051485538656,0.054303051485538656,0,41013417
1.0,8.330011948563277,69.51751903443221,87.72052077838849,4.420401292755727,4.420401292755727,0.05306596581194747,0.05306596581194747,0,41013417
1.0,8.330011948563277,73.32782915512819,87.16188404710567,3.86176456147291,3.86176456147291,0.0463596521267772,0.0463596521267772,0,41013417
1.0,8.330011948563277,77.13813927582416,86.07355856468075,2.7734390790479893,2.7734390790479893,0.03329453902555734,0.03329453902555734,0,41013417
1.0,8.330011948563277,80.94844939652013,84.33216884671491,1.0320493610821444,1.0320493610821444,0.012389530380687483,0.012389530380687483,0,41013417
1.0,8.330011948563277,82.62770796239772,83.29989492849107,-0.0002245571416921166,0.0002245571416921166,-2.6957601391057694e-6,2.6957601391057694e-6,0,41013417
1.0,8.330011948563277,84.7587595172161,81.73399292321886,-1.5661265624138991,1.5661265624138991,-0.018801012196435297,0.018801012196435297,0,41013417
1.0,8.330011948563277,88.56906963791208,78.2216962753979,-5.07842321023486,5.07842321023486,-0.060965377259882124,0.060965377259882124,0,41013417
1.0,8.330011948563277,92.37937975860805,73.50856972989708,-9.791549755735687,9.791549755735687,-0.11754544670760635,0.11754544670760635,0,41013417
1.0,8.330011948563277,96.18968987930403,66.68377880036408,-16.616340685268682,16.616340685268682,-0.1994755924465942,0.1994755924465942,0,41013417
1.0,8.330011948563277,100.0,60.00000238418551,-23.300117101447256,23.300117101447256,-0.27971288931303345,0.27971288931303345,0,41013417
1.0,8.53327306414852,47.4822929271848,84.51832046711517,-0.8144101743700247,0.8144101743700247,-0.009543936637767602,0.009543936637767602,0,43846220
1.0,8.53327306414852,51.23355771810017,86.24200776275332,0.9092771212681185,0.9092771212681185,0.010655666523650026,0.010655666523650026,0,43846220
1.0,8.53327306414852,54.984822509015544,87.49070688477453,2.157976243289326,2.157976243289326,0.025288962711808596,0.025288962711808596,0,43846220
1.0,8.53327306414852,58.736087299930915,88.33096223031875,2.998231588833548,2.998231588833548,0.03513577458841957,0.03513577458841957,0,43846220
1.0,8.53327306414852,62.48735209084629,88.81930892444012,3.4865782829549232,3.4865782829549232,0.040858627829494246,0.040858627829494246,0,43846220
1.0,8.53327306414852,66.23861688176166,88.97766331762011,3.644932676134914,3.644932676134914,0.04271435648120348,0.04271435648120348,0,43846220
1.0,8.53327306414852,69.98988167267703,88.77991972403805,3.4471890825528533,3.4471890825528533,0.04039703237712839,0.04039703237712839,0,43846220
1.0,8.53327306414852,73.7411464635924,88.13592385085221,2.8031932093670093,2.8031932093670093,0.032850152436165146,0.032850152436165146,0,43846220
1.0,8.53327306414852,77.49241125450777,86.95826705228866,1.6255364108034627,1.6255364108034627,0.01904938935603679,0.01904938935603679,0,43846220
1.0,8.53327306414852,80.86655762480821,85.33301914636004,0.00028850487484533005,0.00028850487484533005,3.3809403809828518e-6,3.3809403809828518e-6,0,43846220
1.0,8.53327306414852,81.24367604542314,85.11044865071544,-0.2222819907697584,0.2222819907697584,-0.002604885477105478,0.002604885477105478,0,43846220
1.0,8.53327306414852,84.99494083633851,82.39732054952857,-2.9354100919566264,2.9354100919566264,-0.034399579972301426,0.034399579972301426,0,43846220
1.0,8.53327306414852,88.74620562725389,78.75899908952837,-6.573731551956826,6.573731551956826,-0.07703646071723097,0.07703646071723097,0,43846220
1.0,8.53327306414852,92.49747041816926,73.88176314373351,-11.45096749775169,11.45096749775169,-0.1341919731346873,0.1341919731346873,0,43846220
1.0,8.53327306414852,96.24873520908463,66.88180480468245,-18.450925836802753,18.450925836802753,-0.21622331429099592,0.21622331429099592,0,43846220
1.0,8.53327306414852,100.0,60.00000238418551,-25.332728257299692,25.332728257299692,-0.29687000599725305,0.29687000599725305,0,43846220
1.0,8.736534179733763,48.30942017437503,86.43208996884462,-0.9332518284930131,0.9332518284930131,-0.010682174524743323,0.010682174524743323,0,41005139
1.0,8.736534179733763,52.00160444763395,87.92362633413211,0.5582845367944742,0.5582845367944742,0.006390228954744241,0.006390228954744241,0,41005139
1.0,8.736534179733763,55.69378872089288,88.98888175307954,1.6235399557419044,1.6235399557419044,0.01858334120077099,0.01858334120077099,0,41005139
1.0,8.736534179733763,59.38597299415181,89.67898064245959,2.3136388451219574,2.3136388451219574,0.02648234182485008,0.02648234182485008,0,41005139
1.0,8.736534179733763,63.07815726741073,90.04067205986878,2.6753302625311477,2.6753302625311477,0.03062232926115188,0.03062232926115188,0,41005139
1.0,8.736534179733763,66.77034154066966,90.09089535362338,2.725553556285746,2.725553556285746,0.03119719445049781,0.03119719445049781,0,41005139
1.0,8.736534179733763,70.4625258139286,89.79937405576756,2.434032258429923,2.434032258429923,0.027860387292665493,0.027860387292665493,0,41005139
1.0,8.736534179733763,74.15471008718751,89.07258244067535,1.7072406433377125,1.7072406433377125,0.01954139488514814,0.01954139488514814,0,41005139
1.0,8.736534179733763,77.84689436044644,87.80816022318561,0.4428184258479746,0.4428184258479746,0.005068582308934194,0.005068582308934194,0,41005139
1.0,8.736534179733763,78.82577604378967,87.36669677379655,0.0013549764589129154,0.0013549764589129154,1.550931331621262e-5,1.550931331621262e-5,0,41005139
1.0,8.736534179733763,81.53907863370537,85.85452658336959,-1.5108152139680442,1.5108152139680442,-0.01729307277790659,0.01729307277790659,0,41005139
1.0,8.736534179733763,85.23126290696429,83.02847024698121,-4.33687155035642,4.33687155035642,-0.04964064079800329,0.04964064079800329,0,41005139
1.0,8.736534179733763,88.92344718022322,79.26650340330644,-8.09883839403119,8.09883839403119,-0.09270081507628228,0.09270081507628228,0,41005139
1.0,8.736534179733763,92.61563145348215,74.23132540142713,-13.134016395910507,13.134016395910507,-0.15033440178575197,0.15033440178575197,0,41005139
1.0,8.736534179733763,96.30781572674107,67.07092703117098,-20.294414766166653,20.294414766166653,-0.23229365728624785,0.23229365728624785,0,41005139
1.0,8.736534179733763,100.0,60.00000238418551,-27.365339413152128,27.365339413152128,-0.3132287798590866,0.3132287798590866,0,41005139
1.0,8.939795295319005,49.13632587984454,88.25387352598109,-1.1440794272089505,1.1440794272089505,-0.012797602063752016,0.012797602063752016,0,40877185
1.0,8.939795295319005,52.769445459855646,89.53277311402064,0.1348201608305999,0.1348201608305999,0.0015080900219403628,0.0015080900219403628,0,40877185
1.0,8.939795295319005,56.40256503986675,90.42826917118268,1.0303162179926346,1.0303162179926346,0.011525053806680808,0.011525053806680808,0,40877185
1.0,8.939795295319005,60.035684619877856,90.9773113531661,1.5793583999760585,1.5793583999760585,0.01766660586515926,0.01766660586515926,0,40877185
1.0,8.939795295319005,63.66880419988896,91.21800543368441,1.8200524804943683,1.8200524804943683,0.020358995037026987,0.020358995037026987,0,40877185
1.0,8.939795295319005,67.30192377990006,91.16325802381459,1.7653050706245494,1.7653050706245494,0.0197465938794917,0.0197465938794917,0,40877185
1.0,8.939795295319005,70.93504335991116,90.77870536150667,1.3807524083166243,1.3807524083166243,0.015445011465079123,0.015445011465079123,0,40877185
1.0,8.939795295319005,74.56816293992227,89.97082919325047,0.5728762400604239,0.5728762400604239,0.0064081583653306864,0.0064081583653306864,0,40877185
1.0,8.939795295319005,76.31865378967592,89.39503949946433,-0.002913453725710724,0.002913453725710724,-3.258971407584967e-5,3.258971407584967e-5,0,40877185
1.0,8.939795295319005,78.20128251993337,88.62214970626303,-0.775803246927012,0.775803246927012,-0.008678087375593856,0.008678087375593856,0,40877185
1.0,8.939795295319005,81.83440209994448,86.56389789874532,-2.8340550544447183,2.8340550544447183,-0.0317015654254261,0.0317015654254261,0,40877185
1.0,8.939795295319005,85.46752167995558,83.62713593761728,-5.77081701557276,5.77081701557276,-0.064552003988217,0.064552003988217,0,40877185
1.0,8.939795295319005,89.1006412599667,79.74394624313764,-9.6540067100524,9.6540067100524,-0.10798912493116443,0.10798912493116443,0,40877185
1.0,8.939795295319005,92.73376083997779,74.55710555373257,-14.840847399457473,14.840847399457473,-0.1660088056739771,0.1660088056739771,0,40877185
1.0,8.939795295319005,96.3668804199889,67.25120114562148,-22.146751807568563,22.146751807568563,-0.24773220276268404,0.24773220276268404,0,40877185
1.0,8.939795295319005,100.0,60.00000238418551,-29.397950569004536,29.397950569004536,-0.3288436658543814,0.3288436658543814,0,40877185
1.0,9.143056410904247,49.962781038299006,89.98825602730052,-1.442308081741956,1.442308081741956,-0.01577490083099369,0.01577490083099369,0,43828459
1.0,9.143056410904247,53.53686810699193,91.07249467233152,-0.3580694367109629,0.3580694367109629,-0.003916299108511679,0.003916299108511679,0,43828459
1.0,9.143056410904247,57.110955175684865,91.81064159111166,0.3800774820691828,0.3800774820691828,0.004157006858405603,0.004157006858405603,0,43828459
1.0,9.143056410904247,60.68504224437779,92.22690397096673,0.7963398619242525,0.7963398619242525,0.008709777410697334,0.008709777410697334,0,43828459
1.0,9.143056410904247,64.25912931307072,92.35172205566784,0.9211579466253568,0.9211579466253568,0.010074945458356351,0.010074945458356351,0,43828459
1.0,9.143056410904247,67.83321638176365,92.1947550842614,0.7641909752189235,0.7641909752189235,0.008358156625912638,0.008358156625912638,0,43828459
1.0,9.143056410904247,71.40730345045658,91.71778104327116,0.287216934228681,0.287216934228681,0.0031413667522179846,0.0031413667522179846,0,43828459
1.0,9.143056410904247,72.78348369718857,91.43198413521937,0.0014200261768877454,0.0014200261768877454,1.5531197808144167e-5,1.5531197808144167e-5,0,43828459
1.0,9.143056410904247,74.9813905191495,90.82954820126464,-0.6010159077778354,0.6010159077778354,-0.00657346822295713,0.00657346822295713,0,43828459
1.0,9.143056410904247,78.55547758784243,89.39880044188345,-2.0317636671590265,2.0317636671590265,-0.0222219307838448,0.0222219307838448,0,43828459
1.0,9.143056410904247,82.12956465653536,87.23795794555686,-4.192606163485621,4.192606163485621,-0.04585563049228712,0.04585563049228712,0,43828459
1.0,9.143056410904247,85.70365172522828,84.19292440435511,-7.237639704687368,7.237639704687368,-0.0791599589832517,0.0791599589832517,0,43828459
1.0,9.143056410904247,89.27773879392122,80.19098445749087,-11.239579651551608,11.239579651551608,-0.12293022318168126,0.12293022318168126,0,43828459
1.0,9.143056410904247,92.85182586261415,74.85886554643554,-16.57169856260694,16.57169856260694,-0.18124900271689345,0.18124900271689345,0,43828459
1.0,9.143056410904247,96.42591293130707,67.4226305769246,-24.007933532117875,24.007933532117875,-0.2625810500686115,0.2625810500686115,0,43828459
1.0,9.143056410904247,100.0,60.00000238418551,-31.43056172485697,31.43056172485697,-0.34376427654293,0.34376427654293,0,43828459
1.0,9.346317526489491,50.789973783570076,91.64020085795711,-1.8229744069378029,1.8229744069378029,-0.019504734370206212,0.019504734370206212,0,40818823
1.0,9.346317526489491,54.30497565617221,92.54590293664377,-0.9172723282511441,0.9172723282511441,-0.009814264555547096,0.009814264555547096,0,40818823
1.0,9.346317526489491,57.81997752877435,93.13788709421216,-0.32528817068275373,0.32528817068275373,-0.0034803886103892414,0.0034803886103892414,0,40818823
1.0,9.346317526489491,61.334979401376486,93.42879678968876,-0.03437847520615378,0.03437847520615378,-0.0003678290953492402,0.0003678290953492402,0,40818823
1.0,9.346317526489491,62.509458721862245,93.46370113122298,0.0005258663280613973,0.0005258663280613973,5.626454767569987e-6,5.626454767569987e-6,0,40818823
1.0,9.346317526489491,64.84998127397863,93.44225951971866,-0.02091574517625361,0.02091574517625361,-0.00022378594689270774,0.00022378594689270774,0,40818823
1.0,9.346317526489491,68.36498314658077,93.18529961832441,-0.27787564657050723,0.27787564657050723,-0.0029731029978699885,0.0029731029978699885,0,40818823
1.0,9.346317526489491,71.8799850191829,92.61632222916425,-0.8468530357306605,0.8468530357306605,-0.009060820299872065,0.009060820299872065,0,40818823
1.0,9.346317526489491,75.39498689178504,91.64732023486606,-1.8158550300288567,1.8158550300288567,-0.0194285613010935,0.0194285613010935,0,40818823
1.0,9.346317526489491,78.90998876438718,90.13628375229676,-3.326891512598152,3.326891512598152,-0.035595746700976295,0.035595746700976295,0,40818823
1.0,9.346317526489491,82.4249906369893,87.87572776976592,-5.587447495128998,5.587447495128998,-0.05978234186130484,0.05978234186130484,0,40818823
1.0,9.346317526489491,85.93999250959145,84.72506047934259,-8.738114785552327,8.738114785552327,-0.09349259492614727,0.09349259492614727,0,40818823
1.0,9.346317526489491,89.45499438219359,80.60701909505299,-12.856156169841924,12.856156169841924,-0.13755317143254323,0.13755317143254323,0,40818823
1.0,9.346317526489491,92.96999625479573,75.13601828745281,-18.3271569774421,18.3271569774421,-0.19608960347750826,0.19608960347750826,0,40818823
1.0,9.346317526489491,96.48499812739786,67.58501737791457,-25.878157886980347,25.878157886980347,-0.2768807908958371,0.2768807908958371,0,40818823
1.0,9.346317526489491,100.0,60.00000238418551,-33.46317288070941,33.46317288070941,-0.35803590864388585,0.35803590864388585,0,40818823
1.0,9.549578642074733,51.61699617516667,93.21371455188549,-2.2820718688618484,2.2820718688618484,-0.02389709488130931,0.02389709488130931,0,41123853
1.0,9.549578642074733,55.07292501979762,93.9553591760112,-1.5404272447361365,1.5404272447361365,-0.016130839929932913,0.016130839929932913,0,41123853
1.0,9.549578642074733,58.52885386442858,94.41151337221638,-1.0842730485309602,1.0842730485309602,-0.011354145446310413,0.011354145446310413,0,41123853
1.0,9.549578642074733,61.98478270905952,94.58388188860451,-0.9119045321428274,0.9119045321428274,-0.009549159877327401,0.009549159877327401,0,41123853
1.0,9.549578642074733,62.45876808995447,94.58665934730018,-0.9091270734471522,0.9091270734471522,-0.009520075256950143,0.009520075256950143,0,41123853
1.0,9.549578642074733,65.44071155369048,94.49004812360484,-1.0057382971425,1.0057382971425,-0.010531755743769591,0.010531755743769591,0,41123853
1.0,9.549578642074733,68.89664039832142,94.13491460606109,-1.3608718146862486,1.3608718146862486,-0.014250595399993342,0.014250595399993342,0,41123853
1.0,9.549578642074733,72.35256924295238,93.47418198570114,-2.0216044350462,2.0216044350462,-0.021169566855433402,0.021169566855433402,0,41123853
1.0,9.549578642074733,75.80849808758333,92.42312500126215,-3.0726614194851862,3.0726614194851862,-0.032175884765713834,0.032175884765713834,0,41123853
1.0,9.549578642074733,79.26442693221429,90.8331375934778,-4.6626488272695354,4.6626488272695354,-0.04882570218047372,0.04882570218047372,0,41123853
1.0,9.549578642074733,82.72035577684524,88.47654888779039,-7.01923753295695,7.01923753295695,-0.07350311250415502,0.07350311250415502,0,41123853
1.0,9.549578642074733,86.17628462147619,85.22338546380902,-10.272400956938313,10.272400956938313,-0.10756915401145427,0.10756915401145427,0,41123853
1.0,9.549578642074733,89.63221346610715,80.99224669160277,-14.503539729144563,14.503539729144563,-0.15187622692841174,0.15187622692841174,0,41123853
1.0,9.549578642074733,93.08814231073809,75.38849330918288,-20.10729311156446,20.10729311156446,-0.21055686188051503,0.21055686188051503,0,41123853
1.0,9.549578642074733,96.54407115536905,67.738454412611,-27.75733200813633,27.75733200813633,-0.2906655157101863,0.2906655157101863,0,41123853
1.0,9.549578642074733,100.0,60.00000238418551,-35.49578403656183,35.49578403656183,-0.37170000234533956,0.37170000234533956,0,41123853
1.0,9.752839757659975,52.44375531081858,94.71302956830776,-2.8153680082919976,2.8153680082919976,-0.02886716154728965,0.02886716154728965,1,76392797
1.0,9.752839757659975,54.14219262114649,95.04224363508732,-2.486153941512441,2.486153941512441,-0.02549159017566952,0.02549159017566952,1,76392797
1.0,9.752839757659975,55.840629931474396,95.30334278026281,-2.2250547963369485,2.2250547963369485,-0.022814429967326886,0.022814429967326886,1,76392797
1.0,9.752839757659975,57.5390672418023,95.50070108943055,-2.0276964871692087,2.0276964871692087,-0.02079083156858633,0.02079083156858633,1,76392797
1.0,9.752839757659975,59.23750455213021,95.63307873982252,-1.8953188367772356,1.8953188367772356,-0.019433507407815593,0.019433507407815593,1,76392797
1.0,9.752839757659975,60.46789881242056,95.68587993273374,-1.8425176438660174,1.8425176438660174,-0.018892114395900803,0.018892114395900803,1,76392797
1.0,9.752839757659975,61.689732863064755,95.70263539614633,-1.8257621804534239,1.8257621804534239,-0.018720313527344202,0.018720313527344202,1,76392797
1.0,9.752839757659975,61.698293072710904,95.70263464079952,-1.8257629358002418,1.8257629358002418,-0.0187203212722353,0.0187203212722353,1,76392797
1.0,9.752839757659975,62.16633612274846,95.70019808521106,-1.8281994913887019,1.8281994913887019,-0.018745304309473722,0.018745304309473722,1,76392797
1.0,9.752839757659975,62.634379172786026,95.69308668335036,-1.8353108932493996,1.8353108932493996,-0.01881822052708216,0.01881822052708216,1,76392797
1.0,9.752839757659975,64.33281648311393,95.6269897535994,-1.9014078230003548,1.9014078230003548,-0.01949594036451763,0.01949594036451763,1,76392797
1.0,9.752839757659975,66.03125379344185,95.49549008395485,-2.0329074926449096,2.0329074926449096,-0.020844262216532822,0.020844262216532822,1,76392797
1.0,9.752839757659975,67.72969110376975,95.30250460939087,-2.2258929672088925,2.2258929672088925,-0.02282302408855487,0.02282302408855487,1,76392797
1.0,9.752839757659975,69.42812841409766,95.04357106422961,-2.484826512370148,2.484826512370148,-0.025477979482012313,0.025477979482012313,1,76392797
1.0,9.752839757659975,71.12656572442557,94.70814683629293,-2.8202507403068324,2.8202507403068324,-0.02891722626829565,0.02891722626829565,1,76392797
1.0,9.752839757659975,72.82500303475348,94.29105523409042,-3.2373423425093364,3.2373423425093364,-0.03319384325951522,0.03319384325951522,1,76392797
1.0,9.752839757659975,74.52344034508138,93.77977922736869,-3.748618349231066,3.748618349231066,-0.03843617287248941,0.03843617287248941,1,76392797
1.0,9.752839757659975,76.22187765540929,93.15655655176795,-4.371841024831809,4.371841024831809,-0.044826339132642085,0.044826339132642085,1,76392797
1.0,9.752839757659975,77.92031496573719,92.40407155981805,-5.124326016781708,5.124326016781708,-0.052541886713118734,0.052541886713118734,1,76392797
1.0,9.752839757659975,79.61875227606511,91.48770570544352,-6.040691871156241,6.040691871156241,-0.06193777424069562,0.06193777424069562,1,76392797
1.0,9.752839757659975,81.31718958639301,90.37311073901976,-7.155286837579993,7.155286837579993,-0.07336618887806662,0.07336618887806662,1,76392797
1.0,9.752839757659975,83.01562689672092,89.03901150829758,-8.489386068302181,8.489386068302181,-0.087045273779204,0.087045273779204,1,76392797
1.0,9.752839757659975,84.71406420704884,87.4789770462434,-10.049420530356358,10.049420530356358,-0.10304096837501553,0.10304096837501553,1,76392797
1.0,9.752839757659975,86.41250151737674,85.68757762279074,-11.840819953809017,11.840819953809017,-0.12140894598938859,0.12140894598938859,1,76392797
1.0,9.752839757659975,88.11093882770464,83.65683975385603,-13.871557822743725,13.871557822743725,-0.14223096213437597,0.14223096213437597,1,76392797
1.0,9.752839757659975,89.80937613803255,81.34674592250732,-16.181651654092434,16.181651654092434,-0.16591733337342293,0.16591733337342293,1,76392797
1.0,9.752839757659975,91.50781344836045,78.68308823479812,-18.845309341801638,18.845309341801638,-0.19322894469787988,0.19322894469787988,1,76392797
1.0,9.752839757659975,93.20625075868837,75.61609881049469,-21.912298766105067,21.912298766105067,-0.2246760872790403,0.2246760872790403,1,76392797
1.0,9.752839757659975,94.90468806901627,71.50496431438218,-26.02343326221758,26.02343326221758,-0.26682929186628457,0.26682929186628457,1,76392797
1.0,9.752839757659975,96.60312537934418,67.8829269411659,-29.645470635433853,29.645470635433853,-0.3039675763374458,0.3039675763374458,1,76392797
1.0,9.752839757659975,98.3015626896721,64.04435213165966,-33.484045444940094,33.484045444940094,-0.3433261109272445,0.3433261109272445,1,76392797
1.0,9.752839757659975,100.0,60.00000238418551,-37.52839519241425,37.52839519241425,-0.3847945431784531,0.3847945431784531,1,76392797
1.0,9.956100873245218,53.27059320265101,96.14221598397947,-3.418792748472711,3.418792748472711,-0.03433867125291938,0.03433867125291938,1,76379109
1.0,9.956100873245218,54.93950058827062,96.39866050757837,-3.16234822487381,3.16234822487381,-0.031762918688097164,0.031762918688097164,1,76379109
1.0,9.956100873245218,56.60840797389022,96.59237104094689,-2.968637691505293,2.968637691505293,-0.029817272135950725,0.029817272135950725,1,76379109
1.0,9.956100873245218,58.27731535950983,96.72823423808042,-2.832774494371762,2.832774494371762,-0.028452649590807243,0.028452649590807243,1,76379109
1.0,9.956100873245218,59.94622274512943,96.80400679501709,-2.757001937435092,2.757001937435092,-0.02769158300559122,0.02769158300559122,1,76379109
1.0,9.956100873245218,60.476473302194066,96.81415041071223,-2.74685832173995,2.74685832173995,-0.027589699589339375,0.027589699589339375,1,76379109
1.0,9.956100873245218,60.9875646108793,96.8173558324512,-2.7436529000009813,2.7436529000009813,-0.027557504036283233,0.027557504036283233,1,76379109
1.0,9.956100873245218,61.0067238592587,96.81735158058879,-2.7436571518633883,2.7436571518633883,-0.027557546742383355,0.027557546742383355,1,76379109
1.0,9.956100873245218,62.14538068781367,96.80157889003927,-2.7594298424129136,2.7594298424129136,-0.02771596910823052,0.02771596910823052,1,76379109
1.0,9.956100873245218,63.28403751636865,96.75723070324352,-2.803778029208658,2.803778029208658,-0.028161406407032102,0.028161406407032102,1,76379109
1.0,9.956100873245218,64.95294490198826,96.6402783304472,-2.9207304020049776,2.9207304020049776,-0.029336086879691865,0.029336086879691865,1,76379109
1.0,9.956100873245218,66.62185228760787,96.4588545110836,-3.102154221368579,3.102154221368579,-0.031158324537519714,0.031158324537519714,1,76379109
1.0,9.956100873245218,68.29075967322747,96.21794814809851,-3.3430605843536654,3.3430605843536654,-0.03357801037690758,0.03357801037690758,1,76379109
1.0,9.956100873245218,69.95966705884707,95.91122193203378,-3.649786800418397,3.649786800418397,-0.03665879692145726,0.03665879692145726,1,76379109
1.0,9.956100873245218,71.62857444446668,95.52852755928141,-4.0324811731707655,4.0324811731707655,-0.04050261467325177,0.04050261467325177,1,76379109
1.0,9.956100873245218,73.29748183008628,95.06658491044149,-4.494423822010688,4.494423822010688,-0.04514240945557755,0.04514240945557755,1,76379109
1.0,9.956100873245218,74.9663892157059,94.5121731545751,-5.048835577877085,5.048835577877085,-0.05071097251982144,0.05071097251982144,1,76379109
1.0,9.956100873245218,76.6352966013255,93.84744778534878,-5.713560947103403,5.713560947103403,-0.05738753574160054,0.05738753574160054,1,76379109
1.0,9.956100873245218,78.30420398694511,93.05474344812357,-6.506265284328606,6.506265284328606,-0.06534953158030701,0.06534953158030701,1,76379109
1.0,9.956100873245218,79.97311137256472,92.0982151963842,-7.462793536067977,7.462793536067977,-0.07495699000120173,0.07495699000120173,1,76379109
1.0,9.956100873245218,81.64201875818432,90.94067984506546,-8.62032888738672,8.62032888738672,-0.08658338236158208,0.08658338236158208,1,76379109
1.0,9.956100873245218,83.31092614380393,89.56156412346728,-9.999444608984902,9.999444608984902,-0.10043534849929213,0.10043534849929213,1,76379109
1.0,9.956100873245218,84.97983352942353,87.95561505134108,-11.605393681111096,11.605393681111096,-0.1165656498348463,0.1165656498348463,1,76379109
1.0,9.956100873245218,86.64874091504315,86.11723940675091,-13.443769325701268,13.443769325701268,-0.13503046520780415,0.13503046520780415,1,76379109
1.0,9.956100873245218,88.31764830066275,84.03790524762945,-15.523103484822727,15.523103484822727,-0.15591549023511378,0.15591549023511378,1,76379109
1.0,9.956100873245218,89.98655568628236,81.67053616810168,-17.890472564350503,17.890472564350503,-0.17969356470088732,0.17969356470088732,1,76379109
1.0,9.956100873245218,91.65546307190196,78.94547541793163,-20.615533314520547,20.615533314520547,-0.20706432746096573,0.20706432746096573,1,76379109
1.0,9.956100873245218,93.32437045752157,75.81911355598929,-23.74189517646289,23.74189517646289,-0.23846579578421,0.23846579578421,1,76379109
1.0,9.956100873245218,94.99327784314119,71.70678004711716,-27.854228685335016,27.854228685335016,-0.2797704547187443,0.2797704547187443,1,76379109
1.0,9.956100873245218,96.66218522876079,68.0183516917723,-31.542657040679885,31.542657040679885,-0.3168173709995615,0.3168173709995615,1,76379109
1.0,9.956100873245218,98.3310926143804,64.11255568011876,-35.44845305233342,35.44845305233342,-0.35604754816811035,0.35604754816811035,1,76379109
1.0,9.956100873245218,100.0,60.00000238418551,-39.56100634826667,39.56100634826667,-0.3973544146642586,0.3973544146642586,1,76379109
1.0,10.159361988830462,54.09848403870605,97.50491518635101,-4.088704701953603,4.088704701953603,-0.04024568379834147,0.04024568379834147,1,73026822
1.0,10.159361988830462,55.737823894466544,97.69388348904936,-3.8997363992552607,3.8997363992552607,-0.038385642755349794,0.038385642755349794,1,73026822
1.0,10.159361988830462,57.37716375022704,97.82476189344226,-3.7688579948623584,3.7688579948623584,-0.03709738858607426,0.03709738858607426,1,73026822
1.0,10.159361988830462,58.87935506216918,97.8983948848111,-3.695225003493519,3.695225003493519,-0.03637260890552154,0.03637260890552154,1,73026822
1.0,10.159361988830462,60.381546374111316,97.92627181722875,-3.667348071075864,3.667348071075864,-0.036098212418337564,0.036098212418337564,1,73026822
1.0,10.159361988830462,60.41643187509691,97.92628701392998,-3.6673328743746367,3.6673328743746367,-0.036098062835113305,0.036098062835113305,1,73026822
1.0,10.159361988830462,60.51869491792968,97.92615664819006,-3.6674632401145573,3.6674632401145573,-0.036099346043055536,0.036099346043055536,1,73026822
1.0,10.159361988830462,60.65584346174804,97.9255704239041,-3.668049464400511,3.668049464400511,-0.03610511632948295,0.03610511632948295,1,73026822
1.0,10.159361988830462,62.29518331750854,97.88218848574526,-3.7114314025593558,3.7114314025593558,-0.036532130724742616,0.036532130724742616,1,73026822
1.0,10.159361988830462,63.934523173269035,97.77688980844772,-3.816730079856896,3.816730079856896,-0.03756860011537275,0.03756860011537275,1,73026822
1.0,10.159361988830462,65.57386302902954,97.61054342854786,-3.9830764597567594,3.9830764597567594,-0.03920597045499398,0.03920597045499398,1,73026822
1.0,10.159361988830462,67.21320288479004,97.3802451484809,-4.2133747398237205,4.2133747398237205,-0.04147282816043019,0.04147282816043019,1,73026822
1.0,10.159361988830462,68.85254274055053,97.09212206487747,-4.501497823427144,4.501497823427144,-0.04430886337524186,0.04430886337524186,1,73026822
1.0,10.159361988830462,70.49188259631103,96.7378239740111,-4.855795914293509,4.855795914293509,-0.04779626830535354,0.04779626830535354,1,73026822
1.0,10.159361988830462,72.13122245207153,96.30750917366697,-5.286110714637644,5.286110714637644,-0.0520319161818367,0.0520319161818367,1,73026822
1.0,10.159361988830462,73.77056230783202,95.80036842283958,-5.793251465465033,5.793251465465033,-0.05702377247542046,0.05702377247542046,1,73026822
1.0,10.159361988830462,75.40990216359252,95.20272338927529,-6.390896499029324,6.390896499029324,-0.06290647489532991,0.06290647489532991,1,73026822
1.0,10.159361988830462,77.04924201935302,94.49560080455316,-7.098019083751453,7.098019083751453,-0.06986677993711858,0.06986677993711858,1,73026822
1.0,10.159361988830462,78.68858187511353,93.66005607044119,-7.93356381786343,7.93356381786343,-0.0780911618917197,0.0780911618917197,1,73026822
1.0,10.159361988830462,80.32792173087402,92.66272770304562,-8.930892185258998,8.930892185258998,-0.08790800244225883,0.08790800244225883,1,73026822
1.0,10.159361988830462,81.96726158663452,91.46402915543851,-10.129590732866106,10.129590732866106,-0.09970695742511107,0.09970695742511107,1,73026822
1.0,10.159361988830462,83.60660144239502,90.04254039807661,-11.551079490228005,11.551079490228005,-0.11369886714271668,0.11369886714271668,1,73026822
1.0,10.159361988830462,85.24594129815551,88.39369184247315,-13.19992804583147,13.19992804583147,-0.129928710684233,0.129928710684233,1,73026822
1.0,10.159361988830462,86.88528115391601,86.51168241039102,-15.081937477913598,15.081937477913598,-0.14845358886212717,0.14845358886212717,1,73026822
1.0,10.159361988830462,88.52462100967651,84.38583975894969,-17.20778012935493,17.20778012935493,-0.1693785510180042,0.1693785510180042,1,73026822
1.0,10.159361988830462,90.163960865437,81.96348137623971,-19.630138512064903,19.630138512064903,-0.19322215837615517,0.19322215837615517,1,73026822
1.0,10.159361988830462,91.8033007211975,79.18018360280735,-22.41343628549727,22.41343628549727,-0.22061854189406127,0.22061854189406127,1,73026822
1.0,10.159361988830462,93.44264057695801,75.99794725894104,-25.595672629363577,25.595672629363577,-0.2519417327338499,0.2519417327338499,1,73026822
1.0,10.159361988830462,95.08198043271851,71.8954460362981,-29.69817385200652,29.69817385200652,-0.29232321758647517,0.29232321758647517,1,73026822
1.0,10.159361988830462,96.721320288479,68.14453138599947,-33.449088502305145,33.449088502305145,-0.3292439873594442,0.3292439873594442,1,73026822
1.0,10.159361988830462,98.3606601442395,64.17590384698828,-37.41771604131634,37.41771604131634,-0.3683077350965013,0.3683077350965013,1,73026822
1.0,10.159361988830462,100.0,60.00000238418551,-41.59361750411911,41.59361750411911,-0.4094117086274562,0.4094117086274562,1,73026822
1.0,10.362623104415704,54.92521765682528,98.80388154691752,-4.8223494972395144,4.8223494972395144,-0.04653599237035479,0.04653599237035479,1,75595356
1.0,10.362623104415704,56.53503131193867,98.93057974571084,-4.695651298446194,4.695651298446194,-0.04531334635190284,0.04531334635190284,1,75595356
1.0,10.362623104415704,58.144844967052045,99.00243005953551,-4.623800984621525,4.623800984621525,-0.044619986059815674,0.044619986059815674,1,75595356
1.0,10.362623104415704,58.93979499758389,99.01991758469595,-4.6063134594610915,4.6063134594610915,-0.04445123028259377,0.04445123028259377,1,75595356
1.0,10.362623104415704,59.73474502811574,99.02653820374842,-4.599692840408622,4.599692840408622,-0.044387340869790085,0.044387340869790085,1,75595356
1.0,10.362623104415704,59.80371013475186,99.02658575089711,-4.599645293259925,4.599645293259925,-0.04438688203665279,0.04438688203665279,1,75595356
1.0,10.362623104415704,60.54960865269727,99.0207834889066,-4.605447555250436,4.605447555250436,-0.04444287424955145,0.04444287424955145,1,75595356
1.0,10.362623104415704,61.364472277278814,98.99900277028058,-4.6272282738764545,4.6272282738764545,-0.044653059628355175,0.044653059628355175,1,75595356
1.0,10.362623104415704,62.97428593239219,98.90586817454648,-4.720362869610554,4.720362869610554,-0.045551814652017214,0.045551814652017214,1,75595356
1.0,10.362623104415704,64.58409958750558,98.75291767818423,-4.873313365972805,4.873313365972805,-0.04702779708253789,0.04702779708253789,1,75595356
1.0,10.362623104415704,66.19391324261896,98.5385192355049,-5.087711808652131,5.087711808652131,-0.049096756269019985,0.049096756269019985,1,75595356
1.0,10.362623104415704,67.80372689773235,98.26021593375086,-5.366015110406181,5.366015110406181,-0.05178240158246828,0.05178240158246828,1,75595356
1.0,10.362623104415704,69.41354055284573,97.92560508535753,-5.700625958799506,5.700625958799506,-0.05501141845417851,0.05501141845417851,1,75595356
1.0,10.362623104415704,71.02335420795912,97.5240567371119,-6.102174307045132,6.102174307045132,-0.05888638663742276,0.05888638663742276,1,75595356
1.0,10.362623104415704,72.63316786307249,97.04583638376862,-6.580394660388421,6.580394660388421,-0.06350124475321692,0.06350124475321692,1,75595356
1.0,10.362623104415704,74.24298151818587,96.49294936578788,-7.133281678369158,7.133281678369158,-0.06883664113316576,0.06883664113316576,1,75595356
1.0,10.362623104415704,75.85279517329926,95.85211724831842,-7.774113795838616,7.774113795838616,-0.07502071355394488,0.07502071355394488,1,75595356
1.0,10.362623104415704,77.46260882841264,95.1016660260156,-8.524565018141445,8.524565018141445,-0.08226261760411774,0.08226261760411774,1,75595356
1.0,10.362623104415704,79.07242248352603,94.22100256365394,-9.405228480503098,9.405228480503098,-0.09076107840393575,0.09076107840393575,1,75595356
1.0,10.362623104415704,80.68223613863941,93.18063197295835,-10.445599071198686,10.445599071198686,-0.1008007235807662,0.1008007235807662,1,75595356
1.0,10.362623104415704,82.2920497937528,91.94248618308286,-11.683744861074175,11.683744861074175,-0.11274891254218747,0.11274891254218747,1,75595356
1.0,10.362623104415704,83.90186344886617,90.48144487114463,-13.144786173012406,13.144786173012406,-0.1268480580694976,0.1268480580694976,1,75595356
1.0,10.362623104415704,85.51167710397955,88.79277195934277,-14.833459084814265,14.833459084814265,-0.14314386362747725,0.14314386362747725,1,75595356
1.0,10.362623104415704,87.12149075909294,86.87072772167292,-16.755503322484117,16.755503322484117,-0.1616917179526127,0.1616917179526127,1,75595356
1.0,10.362623104415704,88.73130441420632,84.70133999422015,-18.92489104993689,18.92489104993689,-0.18262645335303807,0.18262645335303807,1,75595356
1.0,10.362623104415704,90.3411180693197,82.22659182446934,-21.3996392196877,21.3996392196877,-0.20650793726705086,0.20650793726705086,1,75595356
1.0,10.362623104415704,91.95093172443309,79.38843746645006,-24.23779357770698,24.23779357770698,-0.2338963149917014,0.2338963149917014,1,75595356
1.0,10.362623104415704,93.56074537954647,75.65460236690531,-27.97162867725173,27.97162867725173,-0.2699280712557471,0.2699280712557471,1,75595356
1.0,10.362623104415704,95.17055903465985,72.07140604401822,-31.55482500013882,31.55482500013882,-0.3045061533376885,0.3045061533376885,1,75595356
1.0,10.362623104415704,96.78037268977323,68.2618005013317,-35.36443054282533,35.36443054282533,-0.3412690994016361,0.3412690994016361,1,75595356
1.0,10.362623104415704,98.39018634488662,64.23458232275199,-39.39164872140505,39.39164872140505,-0.3801320218296808,0.3801320218296808,1,75595356
1.0,10.362623104415704,100.0,60.00000238418551,-43.62622865997153,43.62622865997153,-0.42099599898969203,0.42099599898969203,1,75595356
1.0,10.565884220000946,55.752190716610386,100.04238454276187,-5.616457657247594,5.616457657247594,-0.05315653229112415,0.05315653229112415,1,75958768
1.0,10.565884220000946,57.332469619588586,100.1116626962958,-5.547179503713664,5.547179503713664,-0.05250085452586161,0.05250085452586161,1,75958768
1.0,10.565884220000946,58.64779631217136,100.12800917293326,-5.5308330270761985,5.5308330270761985,-0.052346144552733925,0.052346144552733925,1,75958768
1.0,10.565884220000946,58.91274852256679,100.12739032722169,-5.53145187278777,5.53145187278777,-0.05235200157045895,0.05235200157045895,1,75958768
1.0,10.565884220000946,58.925185441902414,100.12733233445951,-5.53150986554995,5.53150986554995,-0.05235255043850418,0.05235255043850418,1,75958768
1.0,10.565884220000946,58.93762236123805,100.1272718281059,-5.531570371903555,5.531570371903555,-0.05235312309624249,0.05235312309624249,1,75958768
1.0,10.565884220000946,60.50546434488062,100.10064333267312,-5.558198867336344,5.558198867336344,-0.05260514644685219,0.05260514644685219,1,75958768
1.0,10.565884220000946,62.07330632852319,100.02557821802624,-5.6332639819832195,5.6332639819832195,-0.05331559446127184,0.05331559446127184,1,75958768
1.0,10.565884220000946,63.65358523150139,99.88476569785108,-5.77407650215838,5.77407650215838,-0.05464830374752926,0.05464830374752926,1,75958768
1.0,10.565884220000946,65.23386413447959,99.68625792098364,-5.972584279025824,5.972584279025824,-0.05652706536117324,0.05652706536117324,1,75958768
1.0,10.565884220000946,66.8141430374578,99.42484290125918,-6.233999298750277,6.233999298750277,-0.05900120774510738,0.05900120774510738,1,75958768
1.0,10.565884220000946,68.39442194043599,99.09942078328598,-6.559421416723481,6.559421416723481,-0.06208114039624498,0.06208114039624498,1,75958768
1.0,10.565884220000946,69.97470084341418,98.71897337762206,-6.939868822387396,6.939868822387396,-0.06568185565814173,0.06568185565814173,1,75958768
1.0,10.565884220000946,71.55497974639239,98.27046455782381,-7.388377642185645,7.388377642185645,-0.06992673294866925,0.06992673294866925,1,75958768
1.0,10.565884220000946,73.1352586493706,97.74420096219428,-7.914641237815175,7.914641237815175,-0.07490751434539633,0.07490751434539633,1,75958768
1.0,10.565884220000946,74.71553755234879,97.14501859653643,-8.513823603473028,8.513823603473028,-0.08057842984268727,0.08057842984268727,1,75958768
1.0,10.565884220000946,76.29581645532699,96.46065090665483,-9.198191293354625,9.198191293354625,-0.08705557530095481,0.08705557530095481,1,75958768
1.0,10.565884220000946,77.8760953583052,95.66581107373433,-9.993031126275127,9.993031126275127,-0.09457827587546888,0.09457827587546888,1,75958768
1.0,10.565884220000946,79.4563742612834,94.73798656935867,-10.920855630650792,10.920855630650792,-0.10335959966301632,0.10335959966301632,1,75958768
1.0,10.565884220000946,81.0366531642616,93.65218218294659,-12.00666001706287,12.00666001706287,-0.1136361119151256,0.1136361119151256,1,75958768
1.0,10.565884220000946,82.61693206723979,92.37448405262083,-13.28435814738863,13.28435814738863,-0.12572878777378313,0.12572878777378313,1,75958768
1.0,10.565884220000946,84.197210970218,90.87670546616326,-14.782136733846201,14.782136733846201,-0.13990439821273074,0.13990439821273074,1,75958768
1.0,10.565884220000946,85.7774898731962,89.15125771495987,-16.50758448504959,16.50758448504959,-0.15623476598201938,0.15623476598201938,1,75958768
1.0,10.565884220000946,87.3577687761744,87.19276249333596,-18.466079706673497,18.466079706673497,-0.17477079364278558,0.17477079364278558,1,75958768
1.0,10.565884220000946,88.93804767915259,84.98326959011575,-20.675572609893706,20.675572609893706,-0.19568236959056753,0.19568236959056753,1,75958768
1.0,10.565884220000946,90.5183265821308,82.4597506937653,-23.19909150624416,23.19909150624416,-0.2195660204408532,0.2195660204408532,1,75958768
1.0,10.565884220000946,92.098605485109,79.57036122271035,-26.088480977299113,26.088480977299113,-0.24691242525556253,0.24691242525556253,1,75958768
1.0,10.565884220000946,93.6788843880872,75.87290908576016,-29.785933114249303,29.785933114249303,-0.2819066771322868,0.2819066771322868,1,75958768
1.0,10.565884220000946,95.25916329106539,72.23425957321905,-33.42458262679041,33.42458262679041,-0.3163443960848874,0.3163443960848874,1,75958768
1.0,10.565884220000946,96.8394421940436,68.36989596189892,-37.28894623811054,37.28894623811054,-0.3529183687960874,0.3529183687960874,1,75958768
1.0,10.565884220000946,98.4197210970218,64.2884614330894,-41.370380766920064,41.370380766920064,-0.39154679254015484,0.39154679254015484,1,75958768
1.0,10.565884220000946,100.0,60.00000238418551,-45.65883981582395,45.65883981582395,-0.432134583960261,0.432134583960261,1,75958768
1.0,10.769145335586188,56.57915780659159,101.22428340247248,-6.467169953389401,6.467169953389401,-0.06005276883040022,0.06005276883040022,1,72843737
1.0,10.769145335586188,57.12973959142185,101.23654958868038,-6.454903767181506,6.454903767181506,-0.05993886762630594,0.05993886762630594,1,72843737
1.0,10.769145335586188,57.680321376252124,101.24134751389985,-6.450105841962028,6.450105841962028,-0.059894315110113006,0.059894315110113006,1,72843737
1.0,10.769145335586188,57.748492780209816,101.24140989400607,-6.450043461855813,6.450043461855813,-0.05989373586167433,0.05989373586167433,1,72843737
1.0,10.769145335586188,58.680483955472155,101.23126252815136,-6.46019082771052,6.46019082771052,-0.05998796214926258,0.05998796214926258,1,72843737
1.0,10.769145335586188,59.68064653469219,101.20198728139422,-6.489466074467657,6.489466074467657,-0.060259805882863234,0.060259805882863234,1,72843737
1.0,10.769145335586188,61.23139089874249,101.12841020629436,-6.56304314956752,6.56304314956752,-0.06094302700029704,0.06094302700029704,1,72843737
1.0,10.769145335586188,62.78213526279279,101.00662684409009,-6.684826511771789,6.684826511771789,-0.06207388147768849,0.06207388147768849,1,72843737
1.0,10.769145335586188,64.3328796268431,100.82060998888817,-6.870843366973716,6.870843366973716,-0.06380119455040971,0.06380119455040971,1,72843737
1.0,10.769145335586188,65.8836239908934,100.57834233208969,-7.113111023772191,7.113111023772191,-0.06605084063883153,0.06605084063883153,1,72843737
1.0,10.769145335586188,67.4343683549437,100.27061439924513,-7.420838956616748,7.420838956616748,-0.06890833696983267,0.06890833696983267,1,72843737
1.0,10.769145335586188,68.98511271899399,99.8992536051088,-7.792199750753085,7.792199750753085,-0.07235671455750614,0.07235671455750614,1,72843737
1.0,10.769145335586188,70.53585708304429,99.4736654480587,-8.217787907803185,8.217787907803185,-0.07630863593833997,0.07630863593833997,1,72843737
1.0,10.769145335586188,72.0866014470946,98.97837461614685,-8.71307873971503,8.71307873971503,-0.08090780157755906,0.08090780157755906,1,72843737
1.0,10.769145335586188,73.6373458111449,98.40404556091438,-9.287407794947498,9.287407794947498,-0.08624089939855904,0.08624089939855904,1,72843737
1.0,10.769145335586188,75.1880901751952,97.75808401498227,-9.933369340879608,9.933369340879608,-0.09223916133859951,0.09223916133859951,1,72843737
1.0,10.769145335586188,76.73883453924549,97.0294406572465,-10.662012698615385,10.662012698615385,-0.09900518905045522,0.09900518905045522,1,72843737
1.0,10.769145335586188,78.28957890329579,96.18889907146662,-11.50255428439526,11.50255428439526,-0.1068102799800236,0.1068102799800236,1,72843737
1.0,10.769145335586188,79.8403232673461,95.21205665438349,-12.479396701478393,12.479396701478393,-0.11588103152662219,0.11588103152662219,1,72843737
1.0,10.769145335586188,81.3910676313964,94.07877125785741,-13.61268209800447,13.61268209800447,-0.12640447940675417,0.12640447940675417,1,72843737
1.0,10.769145335586188,82.9418119954467,92.75973851497453,-14.931714840887352,14.931714840887352,-0.13865273775762063,0.13865273775762063,1,72843737
1.0,10.769145335586188,84.492556359497,91.22737197961527,-16.46408137624661,16.46408137624661,-0.15288196846821026,0.15288196846821026,1,72843737
1.0,10.769145335586188,86.0433007235473,89.46814063965142,-18.223312716210458,18.223312716210458,-0.1692178176479083,0.1692178176479083,1,72843737
1.0,10.769145335586188,87.59404508759759,87.47670337849364,-20.214749977368243,20.214749977368243,-0.18770988177278516,0.18770988177278516,1,72843737
1.0,10.769145335586188,89.1447894516479,85.2302324188143,-22.461220937047585,22.461220937047585,-0.20857013474249833,0.20857013474249833,1,72843737
1.0,10.769145335586188,90.6955338156982,82.66298040548052,-25.028472950381357,25.028472950381357,-0.23240909255515216,0.23240909255515216,1,72843737
1.0,10.769145335586188,92.2462781797485,79.72665079960724,-27.96480255625464,27.96480255625464,-0.2596752266296019,0.2596752266296019,1,72843737
1.0,10.769145335586188,93.7970225437988,76.07456908446335,-31.616884271398533,31.616884271398533,-0.2935876830162359,0.2935876830162359,1,72843737
1.0,10.769145335586188,95.34776690784909,72.38399138885661,-35.30746196700527,35.30746196700527,-0.32785760491441457,0.32785760491441457,1,72843737
1.0,10.769145335586188,96.8985112718994,68.46882729023821,-39.22262606562367,39.22262606562367,-0.3642129885276425,0.3642129885276425,1,72843737
1.0,10.769145335586188,98.4492556359497,64.33755532901361,-43.35389802684827,43.35389802684827,-0.4025751039275804,0.4025751039275804,1,72843737
1.0,10.769145335586188,100.0,60.00000238418551,-47.691450971676375,47.691450971676375,-0.44285270079958877,0.44285270079958877,1,72843737
1.0,10.972406451171432,57.40631999926981,102.35325562906586,-7.370808882648461,7.370808882648461,-0.06717586443274294,0.06717586443274294,1,70889425
1.0,10.972406451171432,58.92752285643874,102.31685381723857,-7.407210694475751,7.407210694475751,-0.06750762221066779,0.06750762221066779,1,70889425
1.0,10.972406451171432,60.44872571360768,102.22940170944683,-7.494662802267484,7.494662802267484,-0.06830464069682127,0.06830464069682127,1,70889425
1.0,10.972406451171432,61.96992857077662,102.11093467226429,-7.613129839450025,7.613129839450025,-0.06938432214782961,0.06938432214782961,1,70889425
1.0,10.972406451171432,63.491131427945554,101.94384817126443,-7.780216340449883,7.780216340449883,-0.07090711025947508,0.07090711025947508,1,70889425
1.0,10.972406451171432,65.01233428511449,101.71542571786892,-8.008638793845392,8.008638793845392,-0.07298890019691512,0.07298890019691512,1,70889425
1.0,10.972406451171432,66.53353714228342,101.43094702028836,-8.29311749142596,8.29311749142596,-0.0755815739084344,0.0755815739084344,1,70889425
1.0,10.972406451171432,68.05473999945235,101.07761536546722,-8.646449146247093,8.646449146247093,-0.07880175770670603,0.07880175770670603,1,70889425
1.0,10.972406451171432,69.5759428566213,100.66147164863632,-9.062592863077995,9.062592863077995,-0.08259439625580456,0.08259439625580456,1,70889425
1.0,10.972406451171432,71.09714571379024,100.19156239634074,-9.532502115373575,9.532502115373575,-0.08687704158421755,0.08687704158421755,1,70889425
1.0,10.972406451171432,72.61834857095917,99.649717298333,-10.074347213381316,10.074347213381316,-0.09181529373901166,0.09181529373901166,1,70889425
1.0,10.972406451171432,74.1395514281281,99.02704299128061,-10.697021520433708,10.697021520433708,-0.09749020479725008,0.09749020479725008,1,70889425
1.0,10.972406451171432,75.66075428529703,98.33383493050482,-11.390229581209496,11.390229581209496,-0.10380794433652663,0.10380794433652663,1,70889425
1.0,10.972406451171432,77.18195714246596,97.56008267992594,-12.163981831788377,12.163981831788377,-0.1108597451791419,0.1108597451791419,1,70889425
1.0,10.972406451171432,78.7031599996349,96.6719009846712,-13.05216352704312,13.05216352704312,-0.11895442977916344,0.11895442977916344,1,70889425
1.0,10.972406451171432,80.22436285680385,95.64425535733679,-14.079809154377529,14.079809154377529,-0.12832015672254235,0.12832015672254235,1,70889425
1.0,10.972406451171432,81.74556571397278,94.46168294505662,-15.262381566657695,15.262381566657695,-0.13909785090970866,0.13909785090970866,1,70889425
1.0,10.972406451171432,83.26676857114171,93.09961696503416,-16.62444754668016,16.62444754668016,-0.15151140837391516,0.15151140837391516,1,70889425
1.0,10.972406451171432,84.78797142831064,91.53241811239987,-18.19164639931445,18.19164639931445,-0.16579449986900804,0.16579449986900804,1,70889425
1.0,10.972406451171432,86.30917428547957,89.74224238747874,-19.981822124235578,19.981822124235578,-0.18210975152221312,0.18210975152221312,1,70889425
1.0,10.972406451171432,87.83037714264852,87.72112017238625,-22.002944339328067,22.002944339328067,-0.20052979660609455,0.20052979660609455,1,70889425
1.0,10.972406451171432,89.35157999981746,85.44050297987637,-24.283561531837947,24.283561531837947,-0.22131481949655077,0.22131481949655077,1,70889425
1.0,10.972406451171432,90.87278285698639,82.83455991237484,-26.889504599339475,26.889504599339475,-0.24506478792050862,0.24506478792050862,1,70889425
1.0,10.972406451171432,92.39398571415532,79.85766211502448,-29.866402396689836,29.866402396689836,-0.27219555281331426,0.27219555281331426,1,70889425
1.0,10.972406451171432,93.91518857132426,76.25938069895714,-33.46468381275717,33.46468381275717,-0.30498946572640345,0.30498946572640345,1,70889425
1.0,10.972406451171432,95.4363914284932,72.52047350210351,-37.203591009610804,37.203591009610804,-0.339065009805929,0.339065009805929,1,70889425
1.0,10.972406451171432,96.95759428566213,68.55852434791164,-41.165540163802675,41.165540163802675,-0.3751733072138225,0.3751733072138225,1,70889425
1.0,10.972406451171432,98.47879714283107,64.3818361799178,-45.34222833179652,45.34222833179652,-0.4132386868238527,0.4132386868238527,1,70889425
1.0,10.972406451171432,100.0,60.00000238418551,-49.72406212752881,49.72406212752881,-0.4531737167120727,0.4531737167120727,1,70889425
1.0,11.175667566756674,58.23257604992232,103.43254337181193,-8.324132295754808,8.324132295754808,-0.07448443008913319,0.07448443008913319,1,71109662
1.0,11.175667566756674,59.724269762425095,103.34628938654369,-8.410386281023051,8.410386281023051,-0.07525623172651202,0.07525623172651202,1,71109662
1.0,11.175667566756674,61.21596347492787,103.21286423595637,-8.543811431610365,8.543811431610365,-0.07645012148558292,0.07645012148558292,1,71109662
1.0,11.175667566756674,62.70765718743064,103.05095569297188,-8.705719974594857,8.705719974594857,-0.07789888096252107,0.07789888096252107,1,71109662
1.0,11.175667566756674,64.19935089993342,102.83995594243521,-8.916719725131529,8.916719725131529,-0.07978690912080591,0.07978690912080591,1,71109662
1.0,11.175667566756674,65.6910446124362,102.57160882604812,-9.18506684151862,9.18506684151862,-0.08218808215842668,0.08218808215842668,1,71109662
1.0,11.175667566756674,67.18273832493897,102.24638852011395,-9.510287147452786,9.510287147452786,-0.08509815714044898,0.08509815714044898,1,71109662
1.0,11.175667566756674,68.67443203744173,101.84831637880829,-9.908359288758447,9.908359288758447,-0.08866011117073684,0.08866011117073684,1,71109662
1.0,11.175667566756674,70.16612574994451,101.38833106565133,-10.36834460191541,10.36834460191541,-0.09277606496418397,0.09277606496418397,1,71109662
1.0,11.175667566756674,71.65781946244729,100.87514991238807,-10.881525755178671,10.881525755178671,-0.09736801573757471,0.09736801573757471,1,71109662
1.0,11.175667566756674,73.14951317495006,100.28701296859988,-11.469662698966857,11.469662698966857,-0.10263067177378027,0.10263067177378027,1,71109662
1.0,11.175667566756674,74.64120688745284,99.61532546450624,-12.141350203060497,12.141350203060497,-0.10864093917016966,0.10864093917016966,1,71109662
1.0,11.175667566756674,76.13290059995562,98.87439101971482,-12.882284647851918,12.882284647851918,-0.11527082897644321,0.11527082897644321,1,71109662
1.0,11.175667566756674,77.62459431245838,98.05434419037415,-13.702331477192587,13.702331477192587,-0.12260861729595258,0.12260861729595258,1,71109662
1.0,11.175667566756674,79.11628802496116,97.11630838895843,-14.64036727860831,14.64036727860831,-0.1310021722743238,0.1310021722743238,1,71109662
1.0,11.175667566756674,80.60798173746394,96.03607012425229,-15.720605543314448,15.720605543314448,-0.1406681565052742,0.1406681565052742,1,71109662
1.0,11.175667566756674,82.09967544996671,94.80257615236475,-16.95409951520199,16.95409951520199,-0.151705474540366,0.151705474540366,1,71109662
1.0,11.175667566756674,83.59136916246948,93.3961062894851,-18.360569378081635,18.360569378081635,-0.1642905828077536,0.1642905828077536,1,71109662
1.0,11.175667566756674,85.08306287497226,91.7924979726297,-19.964177694937035,19.964177694937035,-0.17863968819475992,0.17863968819475992,1,71109662
1.0,11.175667566756674,86.57475658747504,89.97287404395996,-21.783801623606777,21.783801623606777,-0.19492170372358994,0.19492170372358994,1,71109662
1.0,11.175667566756674,88.0664502999778,87.9248318596929,-23.831843807873838,23.831843807873838,-0.2132476083913272,0.2132476083913272,1,71109662
1.0,11.175667566756674,89.55814401248057,85.61274700147301,-26.14392866609373,26.14392866609373,-0.2339361698970171,0.2339361698970171,1,71109662
1.0,11.175667566756674,91.04983772498335,82.97283723252836,-28.783838435038376,28.783838435038376,-0.2575581124179039,0.2575581124179039,1,71109662
1.0,11.175667566756674,92.54153143748613,79.9622211865835,-31.794454480983234,31.794454480983234,-0.2844971389052368,0.2844971389052368,1,71109662
1.0,11.175667566756674,94.03322514998891,76.42759139680223,-35.32908427076451,35.32908427076451,-0.31612504630913496,0.31612504630913496,1,71109662
1.0,11.175667566756674,95.52491886249169,72.6439356260225,-39.11274004154424,39.11274004154424,-0.3499812410123011,0.3499812410123011,1,71109662
1.0,11.175667566756674,97.01661257499445,68.63916887745471,-43.11750679011203,43.11750679011203,-0.3858159392497508,0.3858159392497508,1,71109662
1.0,11.175667566756674,98.50830628749722,64.42140852633361,-47.33526714123313,47.33526714123313,-0.42355650665591915,0.42355650665591915,1,71109662
1.0,11.175667566756674,100.0,60.00000238418551,-51.75667328338123,51.75667328338123,-0.46311929890736453,0.46311929890736453,1,71109662
