gross_delta,delta,iota,kappa,lambda,sigmah,sigmal,mu_b,m,c,p,vb,debt_diff,eq_deriv,eq_deriv_min_val,eq_min_val,eq_negative,eq_vb,abs_debt_diff,debt_per_diff,abs_debt_per_diff,debt,equity,firm_value,leverage,ROE,V0,r,alpha,pi,xi
0.02,0.02,0.0,0.001,0.3,0.2,0.15,1.0,1.0,11.0,65.21342134213421,48.41557021654135,2.783480021394311,4.7143780338264545,-0.023647460285254607,0.29879833826030694,false,0.0,2.783480021394311,0.042682625203654394,0.042682625203654394,67.99690136352852,57.180435972262764,125.1773373357913,54.320456730218794,78.67156121907084,100.0,0.08,0.6,0.27,1.0
0.02,0.02,0.0,0.001,0.3,0.2,0.15,1.0,1.0,11.0,65.21342134213421,50.2578712802363,2.783480021394311,2.5811693677686884,0.38221417764157173,0.16738308943209393,false,0.0,2.783480021394311,0.042682625203654394,0.042682625203654394,67.99690136352852,57.20068974577642,125.19759110930494,54.31166906730912,78.73484813307792,100.0,0.08,0.6,0.27,1.0
0.02,0.02,0.0,0.001,0.3,0.2,0.15,1.0,1.0,11.0,65.21342134213421,52.10017234393125,2.783480021394311,1.2198638851420462,0.6848770483997051,0.08139554327087063,false,0.0,2.783480021394311,0.042682625203654394,0.042682625203654394,67.99690136352852,57.18343496833842,125.18033633186694,54.31915535301104,78.68093217439527,100.0,0.08,0.6,0.27,1.0
0.02,0.02,0.0,0.001,0.3,0.2,0.15,1.0,1.0,11.0,65.21342134213421,53.9424734076262,2.783480021394311,0.31512953502614566,0.31512953502614566,0.022632105821939766,false,0.0,2.783480021394311,0.042682625203654394,0.042682625203654394,67.99690136352852,57.10922966004066,125.10613102356919,54.35137415505108,78.44906303840733,100.0,0.08,0.6,0.27,1.0
0.02,0.02,0.0,0.001,0.3,0.2,0.15,1.0,1.0,11.0,65.21342134213421,55.78477447132116,2.783480021394311,-0.34483120443182,-0.34483120443182,-0.07977977661250354,true,0.0,2.783480021394311,0.042682625203654394,0.042682625203654394,67.99690136352852,56.97248047709266,124.96938184062118,54.41084877113971,78.02176321815755,100.0,0.08,0.6,0.27,1.0
0.02,0.02,0.0,0.001,0.3,0.2,0.15,1.0,1.0,11.0,65.21342134213421,57.627075535016104,2.783480021394311,-0.7457234738430674,-0.7457234738430674,-0.37679941810173234,true,0.0,2.783480021394311,0.042682625203654394,0.042682625203654394,67.99690136352852,56.80254746913126,124.79944883265978,54.48493723293901,77.49077398523451,100.0,0.08,0.6,0.27,1.0
0.02,0.02,0.0,0.001,0.3,0.2,0.15,1.0,1.0,11.0,65.21342134213421,59.46937659871106,2.783480021394311,-0.9523345276961652,-0.9523345276961652,-0.6169790280096529,true,0.0,2.783480021394311,0.042682625203654394,0.042682625203654394,67.99690136352852,56.59902231846016,124.59592368198868,54.57393737621772,76.85481947038275,100.0,0.08,0.6,0.27,1.0
0.02,0.02,0.0,0.001,0.3,0.2,0.15,1.0,1.0,11.0,65.21342134213421,61.31167766240601,2.783480021394311,-0.9458500586616524,-0.9458500586616524,-0.6142279292373952,true,0.0,2.783480021394311,0.042682625203654394,0.042682625203654394,67.99690136352852,56.36064935271838,124.3575507162469,54.67854663580548,76.10997607740543,100.0,0.08,0.6,0.27,1.0
0.02,0.02,0.0,0.001,0.3,0.2,0.15,1.0,1.0,11.0,65.21342134213421,63.15397872610096,2.783480021394311,-0.735150269266146,-0.735150269266146,-0.3815074271499936,true,0.0,2.783480021394311,0.042682625203654394,0.042682625203654394,67.99690136352852,56.08432810216396,124.08122946569247,54.80031238917499,75.24655577647394,100.0,0.08,0.6,0.27,1.0
0.02,0.02,0.0,0.001,0.3,0.2,0.15,1.0,1.0,11.0,65.21342134213421,64.99627978979592,2.783480021394311,-0.3787587833597247,-0.3787587833597247,-0.10632443236696922,true,0.0,2.783480021394311,0.042682625203654394,0.042682625203654394,67.99690136352852,55.76024722615509,123.75714858968361,54.943817095343725,74.23390109671884,100.0,0.08,0.6,0.27,1.0
0.02,0.02,0.0,0.001,0.3,0.2,0.15,1.0,1.0,11.0,65.21342134213421,66.83858085349087,2.783480021394311,0.07147354098642984,0.07147354098642984,0.006946180662216009,false,0.0,2.783480021394311,0.042682625203654394,0.042682625203654394,67.99690136352852,55.37148966726343,123.36839103079195,55.11695564430028,73.01915135230308,100.0,0.08,0.6,0.27,1.0
0.02,0.02,0.0,0.001,0.3,0.2,0.15,1.0,1.0,11.0,65.21342134213421,68.68088191718581,2.7833350742694165,0.5676172383173099,0.5676172383173099,0.04369008102207035,false,0.0,2.7833350742694165,0.04268040254577337,0.04268040254577337,67.99675641640363,54.89473955147788,122.89149596788151,55.33072559729847,71.52867461101602,100.0,0.08,0.6,0.27,1.0
0.02,0.02,0.0,0.001,0.3,0.2,0.15,1.0,1.0,11.0,65.21342134213421,70.52318298088078,2.7061479367854417,1.0645033084456526,1.004600489004773,0.08122721756259604,false,0.0,2.7061479367854417,0.041496794388197616,0.041496794388197616,67.91956927891965,54.30375927022206,122.22332854914171,55.570053675646356,69.27378482651905,100.0,0.08,0.6,0.27,1.0
0.02,0.02,0.0,0.001,0.3,0.2,0.15,1.0,1.0,11.0,65.21342134213421,72.36548404457572,2.522265377176751,1.5318197121568926,1.0046810737135252,0.11722193410265792,false,0.0,2.522265377176751,0.038677090164369626,0.038677090164369626,67.73568671931096,53.57629623554817,121.31198295485913,55.835940580178125,66.05435165922115,100.0,0.08,0.6,0.27,1.0
0.02,0.02,0.0,0.001,0.3,0.2,0.15,1.0,1.0,11.0,65.21342134213421,74.20778510827067,2.3521547554422995,1.9583720336058883,1.0047783131639998,0.15071517155511538,false,0.0,2.3521547554422995,0.03606856850987787,0.03606856850987787,67.56557609757651,52.69158248521718,120.25715858279369,56.18424457539424,62.45573728621117,100.0,0.08,0.6,0.27,1.0
0.02,0.02,0.0,0.001,0.3,0.2,0.15,1.0,1.0,11.0,65.21342134213421,76.05008617196563,2.1265577486894642,2.350454490793221,1.0048951441649632,0.18207132339824575,false,0.0,2.1265577486894642,0.032609203825279154,0.032609203825279154,67.33997909082368,51.637089490966446,118.97706858179012,56.5991244308824,58.10488803593579,100.0,0.08,0.6,0.27,1.0
0.02,0.02,0.0,0.001,0.3,0.2,0.15,1.0,1.0,11.0,65.21342134213421,77.89238723566058,1.8550777504667906,2.714489723406281,1.0050348590432847,0.21168849451739208,false,0.0,1.8550777504667906,0.028446257109167036,0.028446257109167036,67.068499092601,50.400871993277434,117.46937108587844,57.0944565997286,53.04760063928167,100.0,0.08,0.6,0.27,1.0
0.02,0.02,0.0,0.001,0.3,0.2,0.15,1.0,1.0,11.0,65.21342134213421,79.73468829935553,1.5315730798415785,3.055514064811329,1.0052012009595204,0.2398783630939484,false,0.0,1.5315730798415785,0.02348555018768864,0.02348555018768864,66.74499442197579,48.96936384283631,115.71435826481209,57.68082321230179,47.25411405492761,100.0,0.08,0.6,0.27,1.0
0.02,0.02,0.0,0.001,0.3,0.2,0.15,1.0,1.0,11.0,65.21342134213421,81.57698936305049,1.179528531995146,3.3758181027687026,1.0053984663731126,0.266753106847921,false,0.0,1.179528531995146,0.01808720517524904,0.01808720517524904,66.39294987412936,47.3210357847086,113.71398565883796,58.38591400122052,40.806871199567006,100.0,0.08,0.6,0.27,1.0
0.02,0.02,0.0,0.001,0.3,0.2,0.15,1.0,1.0,11.0,65.21342134213421,83.41929042674543,0.8423808634970982,3.6761687966965826,1.0056315472253916,0.2923134064349565,false,0.0,0.8423808634970982,0.012917292884813547,0.012917292884813547,66.05580220563131,45.42134445111506,111.47714665674637,59.255017002746136,33.811807031864575,100.0,0.08,0.6,0.27,1.0
0.02,0.02,0.0,0.001,0.3,0.2,0.15,1.0,1.0,11.0,65.21342134213421,85.26159149044038,0.563000406045802,3.957528693858006,1.0059058857501104,0.316581099677404,false,0.0,0.563000406045802,0.008633198419265407,0.008633198419265407,65.77642174818001,43.21949365234495,108.99591540052496,60.347602482600195,26.2857242288701,100.0,0.08,0.6,0.27,1.0
0.02,0.02,0.0,0.001,0.3,0.2,0.15,1.0,1.0,11.0,65.21342134213421,87.10389255413534,0.37274839990514863,4.220995899389975,1.0062276287045222,0.33959452677067814,false,0.0,0.37274839990514863,0.005715823403123874,0.005715823403123874,65.58616974203936,40.642286112376155,106.22845585441551,61.74067881766465,18.098699876555415,100.0,0.08,0.6,0.27,1.0
0.02,0.02,0.0,0.001,0.3,0.2,0.15,1.0,1.0,11.0,65.21342134213421,88.94619361783029,0.2606546398812384,4.467804730254504,1.0066037202948845,0.3614085413426071,false,0.0,0.2606546398812384,0.003996947783397927,0.003996947783397927,65.47407598201545,37.58938048558902,103.06345646760447,63.52792563540275,8.872916669829634,100.0,0.08,0.6,0.27,1.0
0.02,0.02,0.0,0.001,0.3,0.2,0.15,1.0,1.0,11.0,65.21342134213421,89.64139287620816,0.2372944345409138,4.556908405429241,1.006761354438102,0.3693442728021354,false,0.0,0.2372944345409138,0.00363873616285178,0.00363873616285178,65.45071577667512,36.28814592621335,101.73886170288847,64.33207004793617,5.032989082056116,100.0,0.08,0.6,0.27,1.0
0.02,0.02,0.0,0.001,0.3,0.2,0.15,1.0,1.0,11.0,65.21342134213421,90.33659213458604,0.2248463748546925,4.643922788075103,1.0069282893233154,0.3771244783920307,false,0.0,0.2248463748546925,0.0034478542948247356,0.0034478542948247356,65.4382677169889,34.89307557541095,100.33134329239985,65.22215846974102,0.9586998987395123,100.0,0.08,0.6,0.27,1.0
0.02,0.02,0.0,0.001,0.3,0.2,0.15,1.0,1.0,11.0,65.21342134213421,90.57955722851706,0.22319620738200285,4.673853998950611,1.0069888599615964,0.3798076385587273,false,0.0,0.22319620738200285,0.003422550186579406,0.003422550186579406,65.43661754951621,34.38179245990516,99.81841000942137,65.55566006645465,-0.5253825803616885,100.0,0.08,0.6,0.27,1.0
0.02,0.02,0.0,0.001,0.3,0.2,0.15,1.0,1.0,11.0,65.21342134213421,91.48369393990312,0.23015156814386728,4.783123751394394,1.006865494523275,0.38963278900941484,false,0.0,0.23015156814386728,0.0035292055439999893,0.0035292055439999893,65.44357291027808,32.36250791564083,97.80608082591891,66.91155842013387,-6.34880211540626,100.0,0.08,0.6,0.27,1.0
0.02,0.02,0.0,0.001,0.3,0.2,0.15,1.0,1.0,11.0,65.21342134213421,92.6307957452202,-1.182322984912858,4.917145792642955,1.0062817326182012,0.40174632404554894,false,0.0,1.182322984912858,-0.018130056061772093,0.018130056061772093,64.03109835722135,29.50906204654946,93.54016040377081,68.45305597171087,-17.959513082674594,100.0,0.08,0.6,0.27,1.0
0.02,0.02,0.0,0.001,0.3,0.2,0.15,1.0,1.0,11.0,65.21342134213421,94.47309680891514,-2.103866599780808,5.1222834342861585,1.0054409498987968,0.4204168193344664,false,0.0,2.103866599780808,-0.03226125169454199,0.03226125169454199,63.1095547423534,24.125857758261922,87.23541250061533,72.34396322927716,-34.6013375827684,100.0,0.08,0.6,0.27,1.0
0.02,0.02,0.0,0.001,0.3,0.2,0.15,1.0,1.0,11.0,65.21342134213421,96.31539787261009,-3.1310482853116355,5.315929864998621,1.0047115959333965,0.4381765434620632,false,0.0,3.1310482853116355,-0.04801232968417613,0.04801232968417613,62.082373056822576,17.559758862359143,79.64213191918172,77.95167150952435,-53.689720908236595,100.0,0.08,0.6,0.27,1.0
0.02,0.02,0.0,0.001,0.3,0.2,0.15,1.0,1.0,11.0,65.21342134213421,98.15769893630505,-4.205763120317506,5.499086555105955,1.0040861326573975,0.45508415142824904,false,0.0,4.205763120317506,-0.06449229366839207,0.06449229366839207,61.007658221816705,9.585797007133518,70.59345522895022,86.42112505182719,-75.41620592662919,100.0,0.08,0.6,0.27,1.0
0.02,0.02,0.0,0.001,0.3,0.2,0.15,1.0,1.0,11.0,65.21342134213421,100.0,-5.213421342134602,5.672616848651992,1.0035581803549336,0.4711899707169458,false,0.0,5.213421342134602,-0.07994399365711893,0.07994399365711893,59.99999999999961,-1.7212946293915994e-18,59.99999999999961,100.0,-100.0,100.0,0.08,0.6,0.27,1.0
0.02,0.02,0.0,0.001,0.3,0.2,0.15,1.0,1.0,11.0,66.81431169432733,49.7342173353379,4.321243777450135,4.544799459262029,-0.012717999002478563,0.2991736239601873,false,0.0,4.321243777450135,0.06626310487191371,0.06626310487191371,69.53466511958435,54.77397888704421,124.30864400662855,55.937111755379235,79.79115969690238,100.0,0.08,0.6,0.27,1.0
0.02,0.02,0.0,0.001,0.3,0.2,0.15,1.0,1.0,11.0,66.81431169432733,51.529423859075834,4.321243777450135,2.537555162247693,0.3692001117185884,0.17076424008634683,false,0.0,4.321243777450135,0.06626310487191371,0.06626310487191371,69.53466511958435,54.769159336402325,124.30382445598667,55.93928056831838,79.77533991136316,100.0,0.08,0.6,0.27,1.0
0.02,0.02,0.0,0.001,0.3,0.2,0.15,1.0,1.0,11.0,66.81431169432733,53.324630382813766,4.321243777450135,1.2242177401228491,0.6587289524388824,0.08467488307133393,false,0.0,4.321243777450135,0.06626310487191371,0.06626310487191371,69.53466511958435,54.726798763315024,124.26146388289936,55.95835019705863,79.63629475314127,100.0,0.08,0.6,0.27,1.0
0.02,0.02,0.0,0.001,0.3,0.2,0.15,1.0,1.0,11.0,66.81431169432733,55.1198369065517,4.321243777450135,0.3356239208617962,0.3356239208617962,0.0248378685421902,false,0.0,4.321243777450135,0.06626310487191371,0.06626310487191371,69.53466511958435,54.626181397648246,124.16084651723259,56.00369767931106,79.30602638070509,100.0,0.08,0.6,0.27,1.0
0.02,0.02,0.0,0.001,0.3,0.2,0.15,1.0,1.0,11.0,66.81431169432733,56.91504343028963,4.321243777450135,-0.32065489946604053,-0.32065489946604053,-0.07246722550081368,true,0.0,4.321243777450135,0.06626310487191371,0.06626310487191371,69.53466511958435,54.4552160283324,123.98988114791675,56.08091924584658,78.74484637074647,100.0,0.08,0.6,0.27,1.0
0.02,0.02,0.0,0.001,0.3,0.2,0.15,1.0,1.0,11.0,66.81431169432733,58.71024995402756,4.321243777450135,-0.7220755954051523,-0.7220755954051523,-0.36898624574599825,true,0.0,4.321243777450135,0.06626310487191371,0.06626310487191371,69.53466511958435,54.24921478325316,123.7838799028375,56.17424916246336,78.06866392966106,100.0,0.08,0.6,0.27,1.0
0.02,0.02,0.0,0.001,0.3,0.2,0.15,1.0,1.0,11.0,66.81431169432733,60.50545647776549,4.321243777450135,-0.9505104110266173,-0.9505104110266173,-0.6396056552027666,true,0.0,4.321243777450135,0.06626310487191371,0.06626310487191371,69.53466511958435,54.0073268752493,123.54199199483364,56.284235017428074,77.27468641733981,100.0,0.08,0.6,0.27,1.0
0.02,0.02,0.0,0.001,0.3,0.2,0.15,1.0,1.0,11.0,66.81431169432733,62.30066300150342,4.321243777450135,-0.996719901821469,-0.996719901821469,-0.7050382057911632,true,0.0,4.321243777450135,0.06626310487191371,0.06626310487191371,69.53466511958435,53.727966917701394,123.26263203728574,56.411796479042245,76.35770993031133,100.0,0.08,0.6,0.27,1.0
0.02,0.02,0.0,0.001,0.3,0.2,0.15,1.0,1.0,11.0,66.81431169432733,64.09586952524135,4.321243777450135,-0.8555560955104259,-0.8555560955104259,-0.5295331177992824,true,0.0,4.321243777450135,0.06626310487191371,0.06626310487191371,69.53466511958435,53.40851327438722,122.94317839397156,56.558376013966736,75.30912915951686,100.0,0.08,0.6,0.27,1.0
0.02,0.02,0.0,0.001,0.3,0.2,0.15,1.0,1.0,11.0,66.81431169432733,65.89107604897929,4.321243777450135,-0.5652088024175682,-0.5652088024175682,-0.2401320637694998,true,0.0,4.321243777450135,0.06626310487191371,0.06626310487191371,69.53466511958435,53.04118511420931,122.57585023379366,56.72786685709966,74.10340415560745,100.0,0.08,0.6,0.27,1.0
0.02,0.02,0.0,0.001,0.3,0.2,0.15,1.0,1.0,11.0,66.81431169432733,67.68628257271722,4.321243777450135,-0.1746520618899929,-0.1746520618899929,-0.02402287477354638,false,0.0,4.321243777450135,0.06626310487191371,0.06626310487191371,69.53466511958435,52.61075355250752,122.14541867209186,56.92777172941307,72.69054733525293,100.0,0.08,0.6,0.27,1.0
0.02,0.02,0.0,0.001,0.3,0.2,0.15,1.0,1.0,11.0,66.81431169432733,69.48148909645515,4.296426424429157,0.2773575230474976,0.2773575230474976,0.02300971135804401,false,0.0,4.296426424429157,0.06588254896010566,0.06588254896010566,69.50984776656337,52.09551048479025,121.60535825135362,57.16018501659209,70.8601193130823,100.0,0.08,0.6,0.27,1.0
0.02,0.02,0.0,0.001,0.3,0.2,0.15,1.0,1.0,11.0,66.81431169432733,71.27669562019308,4.162214331524453,0.7499046773441691,0.7499046773441691,0.0597474874811905,false,0.0,4.162214331524453,0.06382450492342528,0.06382450492342528,69.37563567365866,51.47786455873821,120.85350023239687,57.40473841490056,68.09447539931426,100.0,0.08,0.6,0.27,1.0
0.02,0.02,0.0,0.001,0.3,0.2,0.15,1.0,1.0,11.0,66.81431169432733,73.07190214393103,3.996407336260475,1.210845251685109,1.0041133973161407,0.09627043826799565,false,0.0,3.996407336260475,0.061281976225320466,0.061281976225320466,69.20982867839469,50.74151428038131,119.951342958776,57.698252450729306,64.79776533356356,100.0,0.08,0.6,0.27,1.0
0.02,0.02,0.0,0.001,0.3,0.2,0.15,1.0,1.0,11.0,66.81431169432733,74.86710866766896,3.7960849735497817,1.639630520364272,1.0041774694771324,0.13089155150309517,false,0.0,3.7960849735497817,0.058210179675040934,0.058210179675040934,69.00950631568399,49.8632712241915,118.8727775398755,58.053246288903246,60.89860242990199,100.0,0.08,0.6,0.27,1.0
0.02,0.02,0.0,0.001,0.3,0.2,0.15,1.0,1.0,11.0,66.81431169432733,76.66231519140689,3.5570528534859136,2.0332888086612098,1.0042539455188604,0.163270635987565,false,0.0,3.5570528534859136,0.054544797378813674,0.054544797378813674,68.77047419562012,48.823893018826716,117.59436721444683,58.48109550197185,56.33888687473849,100.0,0.08,0.6,0.27,1.0
0.02,0.02,0.0,0.001,0.3,0.2,0.15,1.0,1.0,11.0,66.81431169432733,78.45752171514482,3.267766419817164,2.397803112258701,1.004344866892579,0.1937852498118326,false,0.0,3.267766419817164,0.050108802031306236,0.050108802031306236,68.48118776195138,47.61087540547496,116.09206316742633,58.9886904354424,51.0554238081359,100.0,0.08,0.6,0.27,1.0
0.02,0.02,0.0,0.001,0.3,0.2,0.15,1.0,1.0,11.0,66.81431169432733,80.25272823888275,2.9259495617132956,2.7382418873713235,1.0044525320218767,0.2227603326439636,false,0.0,2.9259495617132956,0.044867291141844255,0.044867291141844255,68.1393709038475,46.210792107262996,114.35016301111051,59.58834610251228,45.04042581143961,100.0,0.08,0.6,0.27,1.0
0.02,0.02,0.0,0.001,0.3,0.2,0.15,1.0,1.0,11.0,66.81431169432733,82.04793476262068,2.562436454886722,3.058568903617801,1.004579510112715,0.2504481762110735,false,0.0,2.562436454886722,0.039293084186508384,0.039293084186508384,67.77585779702093,44.60645592832497,112.38231372534591,60.30829545177379,38.42558057046179,100.0,0.08,0.6,0.27,1.0
0.02,0.02,0.0,0.001,0.3,0.2,0.15,1.0,1.0,11.0,66.81431169432733,83.84314128635862,2.213967740935587,3.360421524550961,1.004728731388709,0.27692335936098517,false,0.0,2.213967740935587,0.033949571964953,0.033949571964953,67.4273890830698,42.76760433488152,110.19499341795131,61.18915841060847,31.299282221961167,100.0,0.08,0.6,0.27,1.0
0.02,0.02,0.0,0.001,0.3,0.2,0.15,1.0,1.0,11.0,66.81431169432733,85.63834781009655,1.915890768577455,3.6444548343675063,1.004903555115144,0.30218640229973437,false,0.0,1.915890768577455,0.02937878015210963,0.02937878015210963,67.12931211071167,40.64618647036802,107.77549858107969,62.28624594133533,23.654809437722513,100.0,0.08,0.6,0.27,1.0
0.02,0.02,0.0,0.001,0.3,0.2,0.15,1.0,1.0,11.0,66.81431169432733,87.43355433383448,1.6858495318602422,3.911497133112712,1.0051076055941337,0.3262568952529663,false,0.0,1.6858495318602422,0.025851266459639338,0.025851266459639338,66.89927087399445,38.17356988683296,105.0728407608274,63.66942245929589,15.325465313819752,100.0,0.08,0.6,0.27,1.0
0.02,0.02,0.0,0.001,0.3,0.2,0.15,1.0,1.0,11.0,66.81431169432733,89.22876085757241,1.5096598179851384,4.162482871756037,1.005345034244859,0.3491680745333726,false,0.0,1.5096598179851384,0.023149526384528937,0.023149526384528937,66.72308116011935,35.256697421852,101.97977858197135,65.42775645123345,5.949404725532137,100.0,0.08,0.6,0.27,1.0
0.02,0.02,0.0,0.001,0.3,0.2,0.15,1.0,1.0,11.0,66.81431169432733,89.40453128601587,1.4950625968092197,4.186230519238716,1.005370230608825,0.3513505135431718,false,0.0,1.4950625968092197,0.022925688700881946,0.022925688700881946,66.70848393894343,34.94297165998672,101.65145559893014,65.6247208127982,4.960589947004457,100.0,0.08,0.6,0.27,1.0
0.02,0.02,0.0,0.001,0.3,0.2,0.15,1.0,1.0,11.0,66.81431169432733,89.58030171445934,1.4809443846366293,4.2098350551061,1.005395773817036,0.3535223189647607,false,0.0,1.4809443846366293,0.022709196269078358,0.022709196269078358,66.69436572677084,34.6237435617457,101.31810928851654,65.82669790733058,3.9576165332963598,100.0,0.08,0.6,0.27,1.0
0.02,0.02,0.0,0.001,0.3,0.2,0.15,1.0,1.0,11.0,66.81431169432733,89.6275520226672,1.4772315266917815,4.216156167087792,1.0054027582250695,0.354104337705249,false,0.0,1.4772315266917815,0.022652262314864106,0.022652262314864106,66.69065286882599,34.53697468575376,101.22762755457975,65.88186889282555,3.6855347231673274,100.0,0.08,0.6,0.27,1.0
0.02,0.02,0.0,0.001,0.3,0.2,0.15,1.0,1.0,11.0,66.81431169432733,91.1997378097538,1.3745914339790204,4.420777350457251,1.0056496339222196,0.3730422759037313,false,0.0,1.3745914339790204,0.021078351751664663,0.021078351751664663,66.58801277611323,31.400202647446598,97.98821542355984,67.9551234689627,-6.02114613225374,100.0,0.08,0.6,0.27,1.0
0.02,0.02,0.0,0.001,0.3,0.2,0.15,1.0,1.0,11.0,66.81431169432733,92.81917390504827,-0.2712874226938595,4.62057145468072,1.005939039574536,0.39171502477842723,false,0.0,0.2712874226938595,-0.0041599937115794515,0.0041599937115794515,64.94213391944035,27.586368142996058,92.52850206243642,70.18608587829367,-21.31190164397,100.0,0.08,0.6,0.27,1.0
0.02,0.02,0.0,0.001,0.3,0.2,0.15,1.0,1.0,11.0,66.81431169432733,94.6143804287862,-1.3554895119534933,4.830059119812166,1.0063065953108201,0.41148386374475304,false,0.0,1.3554895119534933,-0.020785437783460002,0.020785437783460002,63.85793183018072,22.50944127456583,86.36737310474655,73.93756407611664,-37.719553931441816,100.0,0.08,0.6,0.27,1.0
0.02,0.02,0.0,0.001,0.3,0.2,0.15,1.0,1.0,11.0,66.81431169432733,96.40958695252414,-2.5872061427167026,5.027972599305955,1.0056109186293507,0.4303347049106708,false,0.0,2.5872061427167026,-0.03967290918756192,0.03967290918756192,62.62621519941751,16.347264453808183,78.9734796532257,79.30031128729621,-56.26007764256886,100.0,0.08,0.6,0.27,1.0
0.02,0.02,0.0,0.001,0.3,0.2,0.15,1.0,1.0,11.0,66.81431169432733,98.20479347626207,-3.912503748869092,5.215285001444734,1.0048716193104825,0.4483253674678838,false,0.0,3.912503748869092,-0.05999537623310118,0.05999537623310118,61.30091759326512,8.902597057960051,70.20351465122516,87.31887270574896,-76.99532778479855,100.0,0.08,0.6,0.27,1.0
0.02,0.02,0.0,0.001,0.3,0.2,0.15,1.0,1.0,11.0,66.81431169432733,100.0,-5.213421342134602,5.392876943983685,1.0042235008317384,0.46550890833245906,false,0.0,5.213421342134602,-0.07994399365711893,0.07994399365711893,59.99999999999961,5.163880001403711e-18,59.99999999999961,100.0,-100.0,100.0,0.08,0.6,0.27,1.0
0.02,0.02,0.0,0.001,0.3,0.2,0.15,1.0,1.0,11.0,86.0249959206447,65.5590339850606,22.295118484516408,2.895643429619248,0.13999138674060507,0.24729455125897248,false,0.0,22.295118484516408,0.34187929456342747,0.34187929456342747,87.50853982665062,25.985889586292,113.49442941294262,77.10381934980799,108.0292393817424,100.0,0.08,0.6,0.27,1.0
0.02,0.02,0.0,0.001,0.3,0.2,0.15,1.0,1.0,11.0,86.0249959206447,68.01910298612769,22.108867149765018,1.1611391209856947,0.4832293878576546,0.1018190055562265,false,0.0,22.108867149765018,0.3390232669096375,0.3390232669096375,87.32228849189923,24.92033675167633,112.24262524357556,77.79779589296206,96.56810092068116,100.0,0.08,0.6,0.27,1.0
0.02,0.02,0.0,0.001,0.3,0.2,0.15,1.0,1.0,11.0,86.0249959206447,70.47917198719479,21.853253494745132,-0.016727781642245636,-0.016727781642245636,-5.766517953216633e-5,false,0.0,21.853253494745132,0.3351036189328991,0.3351036189328991,87.06667483687934,23.453405296912628,110.52008013379196,78.77905511060008,81.34087716119558,100.0,0.08,0.6,0.27,1.0
0.02,0.02,0.0,0.001,0.3,0.2,0.15,1.0,1.0,11.0,86.0249959206447,72.9392409882619,21.681526042335705,-0.7409407000031014,-0.7409407000031014,-0.6689829752042128,true,0.0,21.681526042335705,0.3324703043655115,0.3324703043655115,86.89494738446992,21.766301178849826,108.66124856331975,79.96866273244962,66.09091025743588,100.0,0.08,0.6,0.27,1.0
0.02,0.02,0.0,0.001,0.3,0.2,0.15,1.0,1.0,11.0,86.0249959206447,75.399309989329,21.206839551739833,-1.1197859451636818,-1.1197859451636818,-1.4009977651873362,true,0.0,21.206839551739833,0.3251913350854689,0.3251913350854689,86.42026089387404,19.979475613360282,106.39973650723432,81.22225085397477,47.1270946902606,100.0,0.08,0.6,0.27,1.0
0.02,0.02,0.0,0.001,0.3,0.2,0.15,1.0,1.0,11.0,86.0249959206447,77.8593789903961,20.786598320861103,-1.2825467929437053,-1.2825467929437053,-1.7451934529605073,true,0.0,20.786598320861103,0.3187472439424205,0.3187472439424205,86.00001966299531,18.15448442367483,104.15450408667014,82.56965977336138,29.675070869128128,100.0,0.08,0.6,0.27,1.0
0.02,0.02,0.0,0.001,0.3,0.2,0.15,1.0,1.0,11.0,86.0249959206447,80.31944799146319,20.091415722520622,-1.2916630174966586,-1.2916630174966586,-1.7230965855344942,true,0.0,20.091415722520622,0.30808712852395026,0.30808712852395026,85.30483706465483,16.332306922229694,101.63714398688452,83.93076951833943,11.14069979412633,100.0,0.08,0.6,0.27,1.0
0.02,0.02,0.0,0.001,0.3,0.2,0.15,1.0,1.0,11.0,86.0249959206447,80.87232942757738,19.88687516422874,-1.2728056601133735,-1.2728056601133735,-1.6698675715044133,true,0.0,19.88687516422874,0.3049506490373307,0.3049506490373307,85.10029650636295,15.930051379712324,101.03034788607528,84.23240965410164,6.915224094998185,100.0,0.08,0.6,0.27,1.0
0.02,0.02,0.0,0.001,0.3,0.2,0.15,1.0,1.0,11.0,86.0249959206447,82.77951699253029,19.11567936617584,-1.1493651923526773,-1.1493651923526773,-1.368365936587912,true,0.0,19.11567936617584,0.2931249269362479,0.2931249269362479,84.32910070831005,14.590024869287793,98.91912557759784,85.25055212114412,-6.897335004732808,100.0,0.08,0.6,0.27,1.0
0.02,0.02,0.0,0.001,0.3,0.2,0.15,1.0,1.0,11.0,86.0249959206447,85.2395859935974,18.05511637844181,-0.8678266353878082,-0.8678266353878082,-0.8048934912453031,true,0.0,18.05511637844181,0.27686197115342037,0.27686197115342037,83.26853772057602,13.018792501582721,96.28733022215874,86.47922580100088,-22.189750757212813,100.0,0.08,0.6,0.27,1.0
0.02,0.02,0.0,0.001,0.3,0.2,0.15,1.0,1.0,11.0,86.0249959206447,87.6996549946645,16.811165994936175,-0.4894512112577373,-0.4894512112577373,-0.2698540729152338,true,0.0,16.811165994936175,0.25778690412113875,0.25778690412113875,82.02458733707039,11.585248727375998,93.60983606444638,87.62389807049759,-35.5494700198563,100.0,0.08,0.6,0.27,1.0
0.02,0.02,0.0,0.001,0.3,0.2,0.15,1.0,1.0,11.0,86.0249959206447,90.1597239957316,15.15072467812368,-0.052634931481480296,-0.052634931481480296,-0.00316893809056984,false,0.0,15.15072467812368,0.2323252540092516,0.2323252540092516,80.36414602025789,10.163255180515366,90.52740120077326,88.77328295553838,-48.24133856871935,100.0,0.08,0.6,0.27,1.0
0.02,0.02,0.0,0.001,0.3,0.2,0.15,1.0,1.0,11.0,86.0249959206447,92.6197929967987,12.04314339746405,0.4107347105083529,0.4107347105083529,0.04280871960051834,false,0.0,12.04314339746405,0.18467277363475804,0.18467277363475804,77.25656473959826,8.57536264164125,85.83192738123951,90.0091225919324,-62.29521818732595,100.0,0.08,0.6,0.27,1.0
0.02,0.02,0.0,0.001,0.3,0.2,0.15,1.0,1.0,11.0,86.0249959206447,95.0798619978658,7.582877968858554,0.8712142700716117,0.8712142700716117,0.0894112702183036,false,0.0,7.582877968858554,0.11627787367689107,0.11627787367689107,72.79629931099277,6.544436857719058,79.34073616871183,91.75147953782175,-75.94284346628028,100.0,0.08,0.6,0.27,1.0
0.02,0.02,0.0,0.001,0.3,0.2,0.15,1.0,1.0,11.0,86.0249959206447,97.5399309989329,1.7332259704401451,1.3086722428047337,1.004081225682995,0.13453055259333016,false,0.0,1.7332259704401451,0.026577749407548912,0.026577749407548912,66.94664731257436,3.7465858492429476,70.6932331618173,94.70021997626422,-88.66503533038497,100.0,0.08,0.6,0.27,1.0
0.02,0.02,0.0,0.001,0.3,0.2,0.15,1.0,1.0,11.0,86.0249959206447,100.0,-5.213421342134602,1.7136497207442012,1.0041544231202415,0.1770807103792838,false,0.0,5.213421342134602,-0.07994399365711893,0.07994399365711893,59.99999999999961,8.176112557985338e-18,59.99999999999961,100.0,-100.0,100.0,0.08,0.6,0.27,1.0
0.02,0.02,0.0,0.001,0.3,0.2,0.15,1.0,1.0,11.0,87.6258862728378,66.87884448926637,23.77970137392984,2.781182495620495,0.15496994630477767,0.23985864458410094,false,0.0,23.77970137392984,0.3646442846354059,0.3646442846354059,88.99312271606405,23.971348392395097,112.96447110845915,78.77974538615793,117.78518806037948,100.0,0.08,0.6,0.27,1.0
0.02,0.02,0.0,0.001,0.3,0.2,0.15,1.0,1.0,11.0,87.6258862728378,69.24464131146163,23.464708050690703,1.1461650768099052,0.4725972042440218,0.10132941354499736,false,0.0,23.464708050690703,0.35981409298533795,0.35981409298533795,88.67812939282491,22.791241841876253,111.46937123470117,79.55380784028215,101.3027937930381,100.0,0.08,0.6,0.27,1.0
0.02,0.02,0.0,0.001,0.3,0.2,0.15,1.0,1.0,11.0,87.6258862728378,71.61043813365688,23.23795688567202,0.010242437321689566,0.010242437321689566,0.002265712749046109,false,0.0,23.23795688567202,0.3563370301299932,0.3563370301299932,88.45137822780623,21.209207583949013,109.66058581175524,80.65922461844495,83.6514174792316,100.0,0.08,0.6,0.27,1.0
0.02,0.02,0.0,0.001,0.3,0.2,0.15,1.0,1.0,11.0,87.6258862728378,73.97623495585215,23.004682539919017,-0.709278268676592,-0.709278268676592,-0.6474756753556842,true,0.0,23.004682539919017,0.3527599390810639,0.3527599390810639,88.21810388205323,19.429288782087188,107.64739266414041,81.95098989280073,64.9079960269852,100.0,0.08,0.6,0.27,1.0
0.02,0.02,0.0,0.001,0.3,0.2,0.15,1.0,1.0,11.0,87.6258862728378,76.34203177804741,22.49106215406485,-1.104250136831914,-1.104250136831914,-1.424296065019131,true,0.0,22.49106215406485,0.3448839470646426,0.3448839470646426,87.70448349619906,17.57734246060676,105.28182595680582,83.30448555497296,42.95733290401456,100.0,0.08,0.6,0.27,1.0
0.02,0.02,0.0,0.001,0.3,0.2,0.15,1.0,1.0,11.0,87.6258862728378,78.70782860024266,22.059491501838238,-1.2871089506571154,-1.2871089506571154,-1.826175968660886,true,0.0,22.059491501838238,0.3382661275522691,0.3382661275522691,87.27291284397245,15.714691470861785,102.98760431483423,84.74118164471348,23.4743761727074,100.0,0.08,0.6,0.27,1.0
0.02,0.02,0.0,0.001,0.3,0.2,0.15,1.0,1.0,11.0,87.6258862728378,80.51032356605467,21.52146102488686,-1.3307315814822467,-1.3307315814822467,-1.8979956950338417,true,0.0,21.52146102488686,0.33001582468702506,0.33001582468702506,86.73488236702107,14.309923025961439,101.04480539298251,85.83804187626724,7.876337186675064,100.0,0.08,0.6,0.27,1.0
0.02,0.02,0.0,0.001,0.3,0.2,0.15,1.0,1.0,11.0,87.6258862728378,81.07362542243793,21.304760985268643,-1.3286831290523062,-1.3286831290523062,-1.8813749718410793,true,0.0,21.304760985268643,0.32669288846993366,0.32669288846993366,86.51818232740285,13.87860193383644,100.39678426123929,86.17624853628443,2.943106566748721,100.0,0.08,0.6,0.27,1.0
0.02,0.02,0.0,0.001,0.3,0.2,0.15,1.0,1.0,11.0,87.6258862728378,83.43942224463319,20.264305191989607,-1.238100333794207,-1.238100333794207,-1.6211393569697412,true,0.0,20.264305191989607,0.3107382617709231,0.3107382617709231,85.47772653412382,12.14455907320707,97.6222856073309,87.55964481096406,-16.372879895535398,100.0,0.08,0.6,0.27,1.0
0.02,0.02,0.0,0.001,0.3,0.2,0.15,1.0,1.0,11.0,87.6258862728378,85.80521906682844,19.13317231836109,-1.019056514321757,-1.019056514321757,-1.1196623155564807,true,0.0,19.13317231836109,0.29339316853169306,0.29339316853169306,84.3465936604953,10.604047293279397,94.9506409537747,88.83204243092807,-32.257254023248414,100.0,0.08,0.6,0.27,1.0
0.02,0.02,0.0,0.001,0.3,0.2,0.15,1.0,1.0,11.0,87.6258862728378,88.1710158890237,17.782741036923568,-0.6979308125244064,-0.6979308125244064,-0.5475017935078264,true,0.0,17.782741036923568,0.2726852950043611,0.2726852950043611,82.99616237905778,9.260016234965981,92.25617861402375,89.96271428745438,-45.54160983305802,100.0,0.08,0.6,0.27,1.0
0.02,0.02,0.0,0.001,0.3,0.2,0.15,1.0,1.0,11.0,87.6258862728378,90.53681271121896,15.967842386120239,-0.310999177568543,-0.310999177568543,-0.11488189659640985,true,0.0,15.967842386120239,0.24485515492810772,0.24485515492810772,81.18126372825445,8.003088513652967,89.18435224190742,91.02635348861978,-57.47276332434286,100.0,0.08,0.6,0.27,1.0
0.02,0.02,0.0,0.001,0.3,0.2,0.15,1.0,1.0,11.0,87.6258862728378,92.90260953341422,12.587197553611816,0.11412612279388519,0.11412612279388519,0.013332051692858784,false,0.0,12.587197553611816,0.19301544520375075,0.19301544520375075,77.80061889574603,6.68367705666061,84.48429595240664,92.08885274912417,-69.89250724931316,100.0,0.08,0.6,0.27,1.0
0.02,0.02,0.0,0.001,0.3,0.2,0.15,1.0,1.0,11.0,87.6258862728378,95.26840635560949,7.932583829763757,0.5513827117988759,0.5513827117988759,0.05734320215905657,false,0.0,7.932583829763757,0.12164035663987678,0.12164035663987678,73.14600517189797,5.077507634220982,78.22351280611895,93.50897517629278,-81.09217020885289,100.0,0.08,0.6,0.27,1.0
0.02,0.02,0.0,0.001,0.3,0.2,0.15,1.0,1.0,11.0,87.6258862728378,97.63420317780474,1.8968764117646657,0.9792765919699183,0.9792765919699183,0.1011912935816176,false,0.0,1.8968764117646657,0.02908720893223707,0.02908720893223707,67.11029775389888,2.9072088333626156,70.0175065872615,95.84788294376148,-91.16073228146281,100.0,0.08,0.6,0.27,1.0
0.02,0.02,0.0,0.001,0.3,0.2,0.15,1.0,1.0,11.0,87.6258862728378,100.0,-5.213421342134602,1.3834969405223294,1.0044404403389275,0.14333815328594188,false,0.0,5.213421342134602,-0.07994399365711893,0.07994399365711893,59.99999999999961,3.872895422203582e-18,59.99999999999961,100.0,-100.0,100.0,0.08,0.6,0.27,1.0
0.02,0.02,0.0,0.001,0.3,0.2,0.15,1.0,1.0,11.0,89.22677662503092,68.19681598149545,25.347120493929935,2.6708774363658088,0.1700569799474923,0.2325420435491482,false,0.0,25.347120493929935,0.3886795075656187,0.3886795075656187,90.56054183606415,22.09243677789774,112.65297861396189,80.38894572543538,134.04348421505298,100.0,0.08,0.6,0.27,1.0
0.02,0.02,0.0,0.001,0.3,0.2,0.15,1.0,1.0,11.0,89.22677662503092,70.4684719828172,24.914727098913644,1.130850879737934,0.46064270295649534,0.10077096374694744,false,0.0,24.914727098913644,0.3820490718958232,0.3820490718958232,90.12814844104786,20.799535545330627,110.92768398637848,81.24946379671576,110.69538395225234,100.0,0.08,0.6,0.27,1.0
0.02,0.02,0.0,0.001,0.3,0.2,0.15,1.0,1.0,11.0,89.22677662503092,72.74012798413895,24.731059915354123,0.03764711001036811,0.03764711001036811,0.0046643603170022805,false,0.0,24.731059915354123,0.37923267030578955,0.37923267030578955,89.94448125748833,19.104818956728117,109.04930021421646,82.4805671203771,89.99337026700344,100.0,0.08,0.6,0.27,1.0
0.02,0.02,0.0,0.001,0.3,0.2,0.15,1.0,1.0,11.0,89.22677662503092,75.01178398546071,24.40370841259275,-0.6743668736324953,-0.6743668736324953,-0.6196600171895442,true,0.0,24.40370841259275,0.37421297503410667,0.37421297503410667,89.61712975472696,17.23836949063424,106.8554992453612,83.867587899195,66.02701452888013,100.0,0.08,0.6,0.27,1.0
0.02,0.02,0.0,0.001,0.3,0.2,0.15,1.0,1.0,11.0,89.22677662503092,77.28343998678247,23.847857083671286,-1.0840854128942832,-1.0840854128942832,-1.437992575322668,true,0.0,23.847857083671286,0.36568940247064224,0.36568940247064224,89.0612784258055,15.329162608478674,104.39044103428417,85.31554953058946,40.136692432520114,100.0,0.08,0.6,0.27,1.0
0.02,0.02,0.0,0.001,0.3,0.2,0.15,1.0,1.0,11.0,89.22677662503092,79.55509598810421,23.396564429261204,-1.287186454178206,-1.287186454178206,-1.8997133486226858,true,0.0,23.396564429261204,0.3587691605155019,0.3587691605155019,88.60998577139542,13.438022098397507,102.04800786979293,86.83166640984936,17.980731443246214,100.0,0.08,0.6,0.27,1.0
0.02,0.02,0.0,0.001,0.3,0.2,0.15,1.0,1.0,11.0,89.22677662503092,80.44720693749278,23.12834429978814,-1.3274971603602173,-1.3274971603602173,-1.984547273928818,true,0.0,23.12834429978814,0.3546562014964392,0.3546562014964392,88.34176564192235,12.705059690015931,101.04682533193828,87.42656224153518,8.979278506380052,100.0,0.08,0.6,0.27,1.0
0.02,0.02,0.0,0.001,0.3,0.2,0.15,1.0,1.0,11.0,89.22677662503092,81.82675198942597,22.571539091855797,-1.3549809540267383,-1.3549809540267383,-2.023402204692443,true,0.0,22.571539091855797,0.3461180018977533,0.3461180018977533,87.78496043399001,11.59661699471932,99.38157742870933,88.33122063992386,-5.062796300811967,100.0,0.08,0.6,0.27,1.0
0.02,0.02,0.0,0.001,0.3,0.2,0.15,1.0,1.0,11.0,89.22677662503092,84.09840799074772,21.456205657158577,-1.307603883633049,-1.307603883633049,-1.8529649444917033,true,0.0,21.456205657158577,0.3290151814699497,0.3290151814699497,86.66962699929279,9.882389929369337,96.55201692866213,89.76469861145316,-25.865615847020564,100.0,0.08,0.6,0.27,1.0
0.02,0.02,0.0,0.001,0.3,0.2,0.15,1.0,1.0,11.0,89.22677662503092,86.37006399206948,20.244839466376646,-1.146182601571995,-1.146182601571995,-1.4349200255383088,true,0.0,20.244839466376646,0.31043976914145605,0.31043976914145605,85.45826080851086,8.375854128817572,93.83411493732842,91.0737644465323,-42.40129039228185,100.0,0.08,0.6,0.27,1.0
0.02,0.02,0.0,0.001,0.3,0.2,0.15,1.0,1.0,11.0,89.22677662503092,88.64171999339123,18.77181921112836,-0.8823589353471116,-0.8823589353471116,-0.8765162702713638,true,0.0,18.77181921112836,0.2878520835863574,0.2878520835863574,83.98524055326257,7.110585280944214,91.09582583420678,92.19438957182804,-55.59979964361686,100.0,0.08,0.6,0.27,1.0
0.02,0.02,0.0,0.001,0.3,0.2,0.15,1.0,1.0,11.0,89.22677662503092,90.91337599471298,16.800984371181926,-0.5464869127171822,-0.5464869127171822,-0.35218039675999496,true,0.0,16.800984371181926,0.2576307763863151,0.2576307763863151,82.01440571331614,6.004697477237413,88.01910319055355,93.17796107938321,-66.61385005396703,100.0,0.08,0.6,0.27,1.0
0.02,0.02,0.0,0.001,0.3,0.2,0.15,1.0,1.0,11.0,89.22677662503092,93.18503199603474,13.066190929057584,-0.16491047534942715,-0.16491047534942715,-0.0339358638563344,false,0.0,13.066190929057584,0.20036045740503963,0.20036045740503963,78.2796122711918,4.92871331438321,83.20832558557501,94.07665845971829,-77.30835482349076,100.0,0.08,0.6,0.27,1.0
0.02,0.02,0.0,0.001,0.3,0.2,0.15,1.0,1.0,11.0,89.22677662503092,95.4566879973565,8.228047291545067,0.2411715035907932,0.2411715035907932,0.026190554825085283,false,0.0,8.228047291545067,0.12617107218432272,0.12617107218432272,73.44146863367928,3.7072531115540808,77.14872174523336,95.19466683609294,-86.04119685527753,100.0,0.08,0.6,0.27,1.0
0.02,0.02,0.0,0.001,0.3,0.2,0.15,1.0,1.0,11.0,89.22677662503092,97.72834399867824,2.028925323615951,0.6508829586828788,0.6508829586828788,0.06792461270873251,false,0.0,2.028925323615951,0.03111208217356736,0.03111208217356736,67.24234666575016,2.1157816603495916,69.35812832609976,96.94948276227716,-93.54110735967332,100.0,0.08,0.6,0.27,1.0
0.02,0.02,0.0,0.001,0.3,0.2,0.15,1.0,1.0,11.0,89.22677662503092,100.0,-5.213421342134602,1.0485419430965153,1.0047423515823857,0.10909854704469148,false,0.0,5.213421342134602,-0.07994399365711893,0.07994399365711893,59.99999999999961,1.2909651407345272e-18,59.99999999999961,100.0,-100.0,100.0,0.08,0.6,0.27,1.0
0.02,0.02,0.0,0.001,0.3,0.2,0.15,1.0,1.0,11.0,90.82766697722404,69.51649078849651,27.000771574374568,2.5614112837445853,0.18577390173922798,0.23081563224970736,false,0.0,27.000771574374568,0.4140370343815935,0.4140370343815935,92.21419291650878,20.35596761677673,112.5701605332855,81.91708395871237,161.44967886423592,100.0,0.08,0.6,0.27,1.0
0.02,0.02,0.0,0.001,0.3,0.2,0.15,1.0,1.0,11.0,90.82766697722404,71.69388430360391,26.50990300703414,1.1130463473574437,0.4476829532308692,0.1025643514393397,false,0.0,26.50990300703414,0.40650992481981874,0.40650992481981874,91.72332434916835,18.95337471960123,110.67669906876958,82.8750090316441,128.9974322927198,100.0,0.08,0.6,0.27,1.0
0.02,0.02,0.0,0.001,0.3,0.2,0.15,1.0,1.0,11.0,90.82766697722404,73.87127781871129,26.372283784526502,0.06397133998997123,0.06397133998997123,0.007218900751289403,false,0.0,26.372283784526502,0.40439963494887887,0.40439963494887887,91.58570512666071,17.148479991905326,108.73418511856605,84.22898927949267,103.80174750281599,100.0,0.08,0.6,0.27,1.0
0.02,0.02,0.0,0.001,0.3,0.2,0.15,1.0,1.0,11.0,90.82766697722404,76.04867133381869,25.9194424611956,-0.6372402160001948,-0.6372402160001948,-0.5870892114141225,true,0.0,25.9194424611956,0.3974556452913646,0.3974556452913646,91.13286380332981,15.204419243584507,106.33728304691432,85.70170423023075,71.46933244686275,100.0,0.08,0.6,0.27,1.0
0.02,0.02,0.0,0.001,0.3,0.2,0.15,1.0,1.0,11.0,90.82766697722404,78.22606484892609,25.316572323802518,-1.059580748612357,-1.059580748612357,-1.4422863921336455,true,0.0,25.316572323802518,0.3882110737754768,0.3882110737754768,90.52999366593673,13.246570492934056,103.77656415887078,87.23548943800552,39.87921470851208,100.0,0.08,0.6,0.27,1.0
0.02,0.02,0.0,0.001,0.3,0.2,0.15,1.0,1.0,11.0,90.82766697722404,80.40345836403347,24.830878170525295,-1.2826303504870393,-1.2826303504870393,-1.9643159120136229,true,0.0,24.830878170525295,0.38076331005933794,0.38076331005933794,90.0442995126595,11.336158391921908,101.38045790458142,88.81820162758446,13.866004771204011,100.0,0.08,0.6,0.27,1.0
0.02,0.02,0.0,0.001,0.3,0.2,0.15,1.0,1.0,11.0,90.82766697722404,80.81653581855905,24.69588489511571,-1.3082908921647294,-1.3082908921647294,-2.022939712721633,true,0.0,24.69588489511571,0.37869328716172984,0.37869328716172984,89.90930623724992,10.97981941983009,100.88912565708002,89.11694461784685,8.811343183976405,100.0,0.08,0.6,0.27,1.0
0.02,0.02,0.0,0.001,0.3,0.2,0.15,1.0,1.0,11.0,90.82766697722404,82.58085187914087,23.91098587522106,-1.3727435493169189,-1.3727435493169189,-2.151614469564036,true,0.0,23.91098587522106,0.3666574362012845,0.3666574362012845,89.12440721735527,9.497894056648834,98.6223012740041,90.36942564313048,-12.667803526024146,100.0,0.08,0.6,0.27,1.0
0.02,0.02,0.0,0.001,0.3,0.2,0.15,1.0,1.0,11.0,90.82766697722404,84.75824539424826,22.704868228721722,-1.3610582431794003,-1.3610582431794003,-2.063810031804631,true,0.0,22.704868228721722,0.3481625064509868,0.3481625064509868,87.91828957085593,7.8131935666902645,95.73148313754619,91.838428372133,-35.33040199471332,100.0,0.08,0.6,0.27,1.0
0.02,0.02,0.0,0.001,0.3,0.2,0.15,1.0,1.0,11.0,90.82766697722404,86.93563890935565,21.40034165140152,-1.2494813350825256,-1.2494813350825256,-1.7352888026545232,true,0.0,21.40034165140152,0.3281585479026971,0.3281585479026971,86.61376299353573,6.351889167719515,92.96565216125525,93.16748818509686,-52.5491057370928,100.0,0.08,0.6,0.27,1.0
0.02,0.02,0.0,0.001,0.3,0.2,0.15,1.0,1.0,11.0,90.82766697722404,89.11303242446304,19.790440892990517,-1.0421929563462264,-1.0421929563462264,-1.2302257816093307,true,0.0,19.790440892990517,0.3034719001961636,0.3034719001961636,85.00386223512473,5.155218119695456,90.15908035482019,94.28208661911019,-65.62302773871367,100.0,0.08,0.6,0.27,1.0
0.02,0.02,0.0,0.001,0.3,0.2,0.15,1.0,1.0,11.0,90.82766697722404,91.29042593957043,17.661318498798806,-0.7581376581540413,-0.7581376581540413,-0.675102379634326,true,0.0,17.661318498798806,0.2708233694125764,0.2708233694125764,82.87473984093302,4.184527593116632,87.05926743404964,95.19347254295867,-75.56517358423235,100.0,0.08,0.6,0.27,1.0
0.02,0.02,0.0,0.001,0.3,0.2,0.15,1.0,1.0,11.0,90.82766697722404,93.46781945467782,13.47514326493544,-0.42235694882047853,-0.42235694882047853,-0.2197375804421707,true,0.0,13.47514326493544,0.20663144162057923,0.20663144162057923,78.68856460706965,3.3300955890948876,82.01866019616453,95.9398317637349,-84.37413751023274,100.0,0.08,0.6,0.27,1.0
0.02,0.02,0.0,0.001,0.3,0.2,0.15,1.0,1.0,11.0,90.82766697722404,95.64521296978522,8.46630797319088,-0.05410633223924225,-0.05410633223924225,-0.0035551714679650597,false,0.0,8.46630797319088,0.12982462503804906,0.12982462503804906,73.67972931532509,2.452080259683344,76.13180957500843,96.7791646180859,-90.68368145198797,100.0,0.08,0.6,0.27,1.0
0.02,0.02,0.0,0.001,0.3,0.2,0.15,1.0,1.0,11.0,90.82766697722404,97.8226064848926,2.1282852595780355,0.3294928512083926,0.3294928512083926,0.03649963895332849,false,0.0,2.1282852595780355,0.0326356939380967,0.0326356939380967,67.34170660171225,1.384727036768631,68.72643363848088,97.98516092941377,-95.75995285521799,100.0,0.08,0.6,0.27,1.0
0.02,0.02,0.0,0.001,0.3,0.2,0.15,1.0,1.0,11.0,90.82766697722404,100.0,-5.213421342134602,0.7122650164730692,0.7122650164730692,0.07713356896296471,false,0.0,5.213421342134602,-0.07994399365711893,0.07994399365711893,59.99999999999961,-1.0758034738172618e-18,59.99999999999961,100.0,-100.0,100.0,0.08,0.6,0.27,1.0
0.02,0.02,0.0,0.001,0.3,0.2,0.15,1.0,1.0,11.0,92.42855732941715,70.83451850758404,28.737227128820408,2.4557886306440158,0.20057789569725437,0.22333987084812756,false,0.0,28.737227128820408,0.44066430709184956,0.44066430709184956,93.95064847095462,18.767078693708093,112.7177271646627,83.35037516655001,210.2329002307068,100.0,0.08,0.6,0.27,1.0
0.02,0.02,0.0,0.001,0.3,0.2,0.15,1.0,1.0,11.0,92.42855732941715,72.91776718561374,28.28677273889315,1.0949297710925432,0.43338498715193996,0.10167933978835328,false,0.0,28.28677273889315,0.43375691930791466,0.43375691930791466,93.50019408102736,17.257550725117966,110.75774480614533,84.41865103399935,165.50870810994454,100.0,0.08,0.6,0.27,1.0
0.02,0.02,0.0,0.001,0.3,0.2,0.15,1.0,1.0,11.0,92.42855732941715,75.00101586364346,28.106968113889764,0.09082541309657448,0.09082541309657448,0.009702580476574883,false,0.0,28.106968113889764,0.43099974722120477,0.43099974722120477,93.32038945602397,15.346902574792356,108.66729203081633,85.87716479541957,129.75744579349592,100.0,0.08,0.6,0.27,1.0
0.02,0.02,0.0,0.001,0.3,0.2,0.15,1.0,1.0,11.0,92.42855732941715,77.08426454167318,27.56461282196541,-0.5970137440576702,-0.5970137440576702,-0.5480063891543592,true,0.0,27.56461282196541,0.4226831264894239,0.4226831264894239,92.77803416409962,13.336681906455905,106.11471607055553,87.4318262345551,84.66830513319914,100.0,0.08,0.6,0.27,1.0
0.02,0.02,0.0,0.001,0.3,0.2,0.15,1.0,1.0,11.0,92.42855732941715,79.16751321970288,26.922873200231464,-1.0296900841102776,-1.0296900841102776,-1.4343443171029582,true,0.0,26.922873200231464,0.4128425199313484,0.4128425199313484,92.13629454236568,11.340383607179895,103.47667814954556,89.04063813220729,44.21170360812923,100.0,0.08,0.6,0.27,1.0
0.02,0.02,0.0,0.001,0.3,0.2,0.15,1.0,1.0,11.0,92.42855732941715,81.25076189773259,26.369897252216887,-1.2720406786494978,-1.2720406786494978,-2.0157860852672407,true,0.0,26.369897252216887,0.4043630392257823,0.4043630392257823,91.5833185943511,9.419553224242597,101.00287181859369,90.67397485374417,11.915287870117218,100.0,0.08,0.6,0.27,1.0
0.02,0.02,0.0,0.001,0.3,0.2,0.15,1.0,1.0,11.0,92.42855732941715,81.58298088660788,26.24094266328052,-1.2972440352673051,-1.2972440352673051,-2.076449098470573,true,0.0,26.24094266328052,0.4023856151575093,0.4023856151575093,91.45436400541473,9.12042366857191,100.57478767398663,90.93169980319942,6.726095920196484,100.0,0.08,0.6,0.27,1.0
0.02,0.02,0.0,0.001,0.3,0.2,0.15,1.0,1.0,11.0,92.42855732941715,83.3340105757623,25.332941442993302,-1.38302768948473,-1.38302768948473,-2.266566956078027,true,0.0,25.332941442993302,0.3884620822159772,0.3884620822159772,90.54636278512751,7.59352956547976,98.13989235060727,92.26254545057816,-19.676105684131816,100.0,0.08,0.6,0.27,1.0
0.02,0.02,0.0,0.001,0.3,0.2,0.15,1.0,1.0,11.0,92.42855732941715,85.41725925379203,24.014784350660037,-1.400637221443184,-1.400637221443184,-2.2542446638451703,true,0.0,24.014784350660037,0.36824910971423225,0.36824910971423225,89.22820569279425,5.94581648999772,95.17402218279197,93.75268970079026,-44.80198636897208,100.0,0.08,0.6,0.27,1.0
0.02,0.02,0.0,0.001,0.3,0.2,0.15,1.0,1.0,11.0,92.42855732941715,87.50050793182173,22.59984595658068,-1.3311857782131278,-1.3311857782131278,-2.012951171147403,true,0.0,22.59984595658068,0.3465520669129344,0.3465520669129344,87.81326729871489,4.540663294882282,92.35393059359717,95.08341088928479,-62.74092977846751,100.0,0.08,0.6,0.27,1.0
0.02,0.02,0.0,0.001,0.3,0.2,0.15,1.0,1.0,11.0,92.42855732941715,89.58375660985143,20.847913790910965,-1.176616268150809,-1.176616268150809,-1.5856174060453743,true,0.0,20.847913790910965,0.31968747171743905,0.31968747171743905,86.06133513304518,3.4112140600108964,89.47254919305607,96.1874182743464,-75.5269669471855,100.0,0.08,0.6,0.27,1.0
0.02,0.02,0.0,0.001,0.3,0.2,0.15,1.0,1.0,11.0,92.42855732941715,91.66700528788115,18.55727827013169,-0.9447527366751806,-0.9447527366751806,-1.048937263447102,true,0.0,18.55727827013169,0.2845622555635167,0.2845622555635167,83.7706996122659,2.5579348549797314,86.32863446724564,97.03697982625886,-84.2387854444238,100.0,0.08,0.6,0.27,1.0
0.02,0.02,0.0,0.001,0.3,0.2,0.15,1.0,1.0,11.0,92.42855732941715,93.75025396591087,13.811630608508352,-0.6560437928850076,-0.6560437928850076,-0.5260567539258243,true,0.0,13.811630608508352,0.21179122831245623,0.21179122831245623,79.02505195064256,1.901260838369962,80.92631278901253,97.65062712874754,-90.9355635403912,100.0,0.08,0.6,0.27,1.0
0.02,0.02,0.0,0.001,0.3,0.2,0.15,1.0,1.0,11.0,92.42855732941715,95.83350264394058,8.646795407661429,-0.3291764765820926,-0.3291764765820926,-0.13897623995262406,true,0.0,8.646795407661429,0.13259226750728317,0.13259226750728317,73.86021674979564,1.3290018657564873,75.18921861555212,98.23245687316987,-94.91578850124513,100.0,0.08,0.6,0.27,1.0
0.02,0.02,0.0,0.001,0.3,0.2,0.15,1.0,1.0,11.0,92.42855732941715,97.91675132197028,2.1953550240926063,0.021324431262354292,0.021324431262354292,0.004259238406023839,false,0.0,2.1953550240926063,0.03366415959952393,0.03366415959952393,67.40877636622682,0.7256352957232731,68.1344116619501,98.93499440587594,-97.77352546232318,100.0,0.08,0.6,0.27,1.0
0.02,0.02,0.0,0.001,0.3,0.2,0.15,1.0,1.0,11.0,92.42855732941715,100.0,-5.213421342134602,0.38148891944566565,0.38148891944566565,0.04224465189259087,false,0.0,5.213421342134602,-0.07994399365711893,0.07994399365711893,59.99999999999961,3.2274104214517855e-19,59.99999999999961,100.0,-100.0,100.0,0.08,0.6,0.27,1.0
0.02,0.02,0.0,0.001,0.3,0.2,0.15,1.0,1.0,11.0,94.02944768161026,72.15306367467014,30.409109004635837,2.351841889693792,0.21256928296536431,0.21580474757013748,false,0.0,30.409109004635837,0.4663013897875129,0.4663013897875129,95.62253034677005,17.322486978335643,112.9450173251057,84.66290289860785,295.7191791279262,100.0,0.08,0.6,0.27,1.0
0.02,0.02,0.0,0.001,0.3,0.2,0.15,1.0,1.0,11.0,94.02944768161026,74.14213055505084,30.173309264043255,1.0748419203622355,0.41779194173604234,0.10057116438183852,false,0.0,30.173309264043255,0.4626855736604079,0.4626855736604079,95.38673060617747,15.702669438363834,111.08940004454129,85.86483549999564,240.38050020210662,100.0,0.08,0.6,0.27,1.0
0.02,0.02,0.0,0.001,0.3,0.2,0.15,1.0,1.0,11.0,94.02944768161026,76.13119743543155,29.93536174412283,0.11716675809957912,0.11716675809957912,0.012173851164743005,false,0.0,29.93536174412283,0.45903682291212156,0.45903682291212156,95.14878308625704,13.695654204151605,108.84443729040865,87.41722172938418,182.31378739947365,100.0,0.08,0.6,0.27,1.0
0.02,0.02,0.0,0.001,0.3,0.2,0.15,1.0,1.0,11.0,94.02944768161026,78.12026431581225,29.317542263603457,-0.5546606202555997,-0.5546606202555997,-0.5044354284168384,true,0.0,29.317542263603457,0.44956301418066336,0.44956301418066336,94.53096360573767,11.633136920996686,106.16410052673436,89.04230633210403,112.7090785718893,100.0,0.08,0.6,0.27,1.0
0.02,0.02,0.0,0.001,0.3,0.2,0.15,1.0,1.0,11.0,94.02944768161026,80.10933119619295,28.644475740294183,-0.9947925075398669,-0.9947925075398669,-1.414077578237939,true,0.0,28.644475740294183,0.43924203255667965,0.43924203255667965,93.8578970824284,9.610861860760245,103.46875894318865,90.71133938502416,56.475102904333575,100.0,0.08,0.6,0.27,1.0
0.02,0.02,0.0,0.001,0.3,0.2,0.15,1.0,1.0,11.0,94.02944768161026,82.09839807657366,27.9768115049569,-1.255193127310283,-1.255193127310283,-2.0530383126091145,true,0.0,27.9768115049569,0.4290038910576397,0.4290038910576397,93.19023284709111,7.6889604395349185,100.87919328662603,92.37805122242757,12.910768707421493,100.0,0.08,0.6,0.27,1.0
0.02,0.02,0.0,0.001,0.3,0.2,0.15,1.0,1.0,11.0,94.02944768161026,82.47741856083505,27.79832649868328,-1.288859255158467,-1.288859255158467,-2.136820397818726,true,0.0,27.79832649868328,0.42626695435656986,0.42626695435656986,93.01174784081749,7.334459431948925,100.34620727276642,92.69084539287866,4.9541325195528785,100.0,0.08,0.6,0.27,1.0
0.02,0.02,0.0,0.001,0.3,0.2,0.15,1.0,1.0,11.0,94.02944768161026,84.08746495695436,26.82606478921889,-1.3869955430004348,-1.3869955430004348,-2.369129318147925,true,0.0,26.82606478921889,0.41135803393107123,0.41135803393107123,92.0394861313531,5.885735355416382,97.92522148676949,93.98956135502681,-26.063374142242157,100.0,0.08,0.6,0.27,1.0
0.02,0.02,0.0,0.001,0.3,0.2,0.15,1.0,1.0,11.0,94.02944768161026,86.07653183733507,25.371881060850313,-1.4287010037326302,-1.4287010037326302,-2.42513836260424,true,0.0,25.371881060850313,0.3890591927042112,0.3890591927042112,90.58530240298452,4.28161660919379,94.86691901217831,95.48671269840212,-54.52199536869785,100.0,0.08,0.6,0.27,1.0
0.02,0.02,0.0,0.001,0.3,0.2,0.15,1.0,1.0,11.0,94.02944768161026,88.06559871771577,23.828768433946365,-1.3945239126798827,-1.3945239126798827,-2.2668083230688327,true,0.0,23.828768433946365,0.3653966920234357,0.3653966920234357,89.04218977608058,2.940847025157689,91.98303680123827,96.8028376454754,-73.16209201416706,100.0,0.08,0.6,0.27,1.0
0.02,0.02,0.0,0.001,0.3,0.2,0.15,1.0,1.0,11.0,94.02944768161026,90.05466559809648,21.944150264992217,-1.2857535743411563,-1.2857535743411563,-1.924256680402783,true,0.0,21.944150264992217,0.33649745425661576,0.33649745425661576,87.15757160712643,1.887642793589154,89.04521440071558,97.88012999205718,-85.30151202060327,100.0,0.08,0.6,0.27,1.0
0.02,0.02,0.0,0.001,0.3,0.2,0.15,1.0,1.0,11.0,94.02944768161026,92.04373247847718,19.491718045568717,-1.1054281119800708,-1.1054281119800708,-1.4444747257634791,true,0.0,19.491718045568717,0.2988912043627923,0.2988912043627923,84.70513938770293,1.1350590256094344,85.84019841331236,98.67770689421728,-92.5788207268993,100.0,0.08,0.6,0.27,1.0
0.02,0.02,0.0,0.001,0.3,0.2,0.15,1.0,1.0,11.0,94.02944768161026,94.03279935885789,14.070777793671965,-0.8647024694961928,-0.8647024694961928,-0.9104768876226933,true,0.0,14.070777793671965,0.2157650603830668,0.2157650603830668,79.28419913580618,0.6495160751269031,79.93371521093307,99.18743164456585,-96.86463449139657,100.0,0.08,0.6,0.27,1.0
0.02,0.02,0.0,0.001,0.3,0.2,0.15,1.0,1.0,11.0,94.02944768161026,96.02186623923859,8.766960567885832,-0.5809388079576601,-0.5809388079576601,-0.427902703406416,true,0.0,8.766960567885832,0.13443491213091013,0.13443491213091013,73.98038191002004,0.3459441820436931,74.32632609206374,99.53456036342332,-98.67044865590509,100.0,0.08,0.6,0.27,1.0
0.02,0.02,0.0,0.001,0.3,0.2,0.15,1.0,1.0,11.0,94.02944768161026,98.0109331196193,2.2293186888633016,-0.2681682870142905,-0.2681682870142905,-0.0956582813036563,true,0.0,2.2293186888633016,0.03418496749568551,0.03418496749568551,67.44274003099751,0.1465043351696762,67.5892443661672,99.7832431231573,-99.5500102425414,100.0,0.08,0.6,0.27,1.0
0.02,0.02,0.0,0.001,0.3,0.2,0.15,1.0,1.0,11.0,94.02944768161026,100.0,-5.213421342134602,0.06235669455538738,0.06235669455538738,0.008579345675846797,false,0.0,5.213421342134602,-0.07994399365711893,0.07994399365711893,59.99999999999961,-1.0758034738172618e-19,59.99999999999961,100.0,-100.0,100.0,0.08,0.6,0.27,1.0
0.02,0.02,0.0,0.001,0.3,0.2,0.15,1.0,1.0,11.0,95.63033803380338,73.47239642121723,31.996318368433805,2.2489538412457155,0.2217785763055662,0.2134888437500981,false,0.0,31.996318368433805,0.4906400815956128,0.4906400815956128,97.20973971056802,16.014155565507362,113.22389527607538,85.85620506478793,473.9305263440989,100.0,0.08,0.6,0.27,1.0
0.02,0.02,0.0,0.001,0.3,0.2,0.15,1.0,1.0,11.0,95.63033803380338,75.36722524827314,31.88245130441058,1.051395015333789,0.40028560759134146,0.10169274820596208,false,0.0,31.88245130441058,0.4888940136592928,0.4888940136592928,97.09587264654479,14.263506445575741,111.35937909212053,87.1914637439057,391.1460383652122,100.0,0.08,0.6,0.27,1.0
0.02,0.02,0.0,0.001,0.3,0.2,0.15,1.0,1.0,11.0,95.63033803380338,77.26205407532905,31.633548116788276,0.14261481647253468,0.14261481647253468,0.015007316203034067,false,0.0,31.633548116788276,0.48507726577979626,0.48507726577979626,96.84696945892249,12.186658696807315,109.0336281557298,88.82302744305505,286.5062053170808,100.0,0.08,0.6,0.27,1.0
0.02,0.02,0.0,0.001,0.3,0.2,0.15,1.0,1.0,11.0,95.63033803380338,79.15688290238496,31.0369576299217,-0.5107585881122971,-0.5107585881122971,-0.4570319020517955,true,0.0,31.0369576299217,0.4759289881003193,0.4759289881003193,96.25037897205591,10.087467953967124,106.33784692602303,90.51375568946327,169.02633302912938,100.0,0.08,0.6,0.27,1.0
0.02,0.02,0.0,0.001,0.3,0.2,0.15,1.0,1.0,11.0,95.63033803380338,81.05171172944088,30.360946170977428,-0.9551547921231367,-0.9551547921231367,-1.3817649494787538,true,0.0,30.360946170977428,0.465562848047681,0.465562848047681,95.57436751311164,8.053564426247961,103.6279319393596,92.22838449486699,81.9754453201418,100.0,0.08,0.6,0.27,1.0
0.02,0.02,0.0,0.001,0.3,0.2,0.15,1.0,1.0,11.0,95.63033803380338,82.94654055649679,29.580028422732937,-1.2319277692442172,-1.2319277692442172,-2.074204094841926,true,0.0,29.580028422732937,0.45358804696881255,0.45358804696881255,94.79344976486715,6.140974128035119,100.93442389290227,93.91587736751627,17.947083014717613,100.0,0.08,0.6,0.27,1.0
0.02,0.02,0.0,0.001,0.3,0.2,0.15,1.0,1.0,11.0,95.63033803380338,83.27338284929859,29.401404350628624,-1.2659826890380652,-1.2659826890380652,-2.1615510773627866,true,0.0,29.401404350628624,0.45084897779519595,0.45084897779519595,94.61482569276284,5.824004610046187,100.43883030280902,94.20144122299351,8.148859772640527,100.0,0.08,0.6,0.27,1.0
0.02,0.02,0.0,0.001,0.3,0.2,0.15,1.0,1.0,11.0,95.63033803380338,84.8413693835527,28.327877758432265,-1.3842490489844006,-1.3842490489844006,-2.456853456096347,true,0.0,28.327877758432265,0.43438723464321144,0.43438723464321144,93.54129910056648,4.370970213067357,97.91226931363383,95.5358299386707,-32.324312874579405,100.0,0.08,0.6,0.27,1.0
0.02,0.02,0.0,0.001,0.3,0.2,0.15,1.0,1.0,11.0,95.63033803380338,86.73619821060862,26.743295413780018,-1.4473130721247172,-1.4473130721247172,-2.578696026265439,true,0.0,26.743295413780018,0.4100888262475082,0.4100888262475082,91.95671675591423,2.8182151387377026,94.77493189465193,97.02641291067313,-64.96188119683666,100.0,0.08,0.6,0.27,1.0
0.02,0.02,0.0,0.001,0.3,0.2,0.15,1.0,1.0,11.0,95.63033803380338,88.63102703766452,25.06063583607731,-1.4423822058177909,-1.4423822058177909,-2.4971847523623185,true,0.0,25.06063583607731,0.38428647539591215,0.38428647539591215,90.27405717821152,1.547899935775102,91.82195711398663,98.31423770040801,-84.0848340964186,100.0,0.08,0.6,0.27,1.0
0.02,0.02,0.0,0.001,0.3,0.2,0.15,1.0,1.0,11.0,95.63033803380338,90.52585586472044,23.057119590723033,-1.3724682068804723,-1.3724682068804723,-2.2386167515093676,true,0.0,23.057119590723033,0.3535640228068496,0.3535640228068496,88.27054093285724,0.5790184466354205,88.84955937949266,99.34831590535826,-95.06355371274195,100.0,0.08,0.6,0.27,1.0
0.02,0.02,0.0,0.001,0.3,0.2,0.15,1.0,1.0,11.0,95.63033803380338,92.42068469177634,18.55068407257015,-1.2393872199635008,-1.2393872199635008,-1.8355062940968832,true,0.0,18.55068407257015,0.28446113837895826,0.28446113837895826,83.76410541470436,-0.07727201175405601,83.6868334029503,100.09233473010264,-100.47593319449142,100.0,0.08,0.6,0.27,1.0
0.02,0.02,0.0,0.001,0.3,0.2,0.15,1.0,1.0,11.0,95.63033803380338,94.31551351883226,14.24827732390824,-1.0470963121029822,-1.0470963121029822,-1.3361829080358245,true,0.0,14.24827732390824,0.21848688553168225,0.21848688553168225,79.46169866604245,-0.4202506244997813,79.04144804154267,100.53168386322946,-102.04618004997788,100.0,0.08,0.6,0.27,1.0
0.02,0.02,0.0,0.001,0.3,0.2,0.15,1.0,1.0,11.0,95.63033803380338,96.21034234588818,8.824904139830437,-0.8077379542306556,-0.8077379542306556,-0.8202504387709008,true,0.0,8.824904139830437,0.1353234343208534,0.1353234343208534,74.03832548196465,-0.4948682045823607,73.54345727738229,100.67289222305102,-101.9061490206981,100.0,0.08,0.6,0.27,1.0
0.02,0.02,0.0,0.001,0.3,0.2,0.15,1.0,1.0,11.0,95.63033803380338,98.10517117294408,2.2297636690457523,-0.5348424902482084,-0.5348424902482084,-0.3739229174466056,true,0.0,2.2297636690457523,0.03419179094051163,0.03419179094051163,67.44318501117996,-0.34845999406325784,67.0947250171167,100.51935527565597,-101.07031352478097,100.0,0.08,0.6,0.27,1.0
0.02,0.02,0.0,0.001,0.3,0.2,0.15,1.0,1.0,11.0,95.63033803380338,100.0,-5.213421342134602,-0.23915685235178713,-0.23915685235178713,-0.07832669361862589,true,0.0,5.213421342134602,-0.07994399365711893,0.07994399365711893,59.99999999999961,3.765309322687645e-19,59.99999999999961,100.0,-100.0,100.0,0.08,0.6,0.27,1.0
