gross_delta,delta,iota,kappa,lambda,sigmah,sigmal,mu_b,m,c,p,vb,debt_diff,eq_deriv,eq_deriv_min_val,eq_min_val,eq_negative,eq_vb,abs_debt_diff,debt_per_diff,abs_debt_per_diff,debt,equity,firm_value,leverage,ROE,V0,r,alpha,pi,xi
0.02,0.02,0.0,0.005,0.5,0.2,0.15,1.0,1.0,1.0,10.559044062300966,8.351130090114305,0.04982405590969208,3.636054514131321,-0.43166877068491616,0.061622357787288834,false,0.0,0.04982405590969208,0.0047186142624008245,0.0047186142624008245,10.608868118210658,92.09792042416812,102.70678854237877,10.329276446837044,3.028028044166886,100.0,0.08,0.6,0.27,1.0
0.02,0.02,0.0,0.005,0.5,0.2,0.15,1.0,1.0,1.0,10.559044062300966,9.078590722689036,0.04982405590969208,-0.38540939040910127,-0.38540939040910127,-0.19108550256983062,true,0.0,0.04982405590969208,0.0047186142624008245,0.0047186142624008245,10.608868118210658,92.09791995203697,102.70678807024763,10.329276494319526,3.028027516003595,100.0,0.08,0.6,0.27,1.0
0.02,0.02,0.0,0.005,0.5,0.2,0.15,1.0,1.0,1.0,10.559044062300966,9.806051355263767,0.04982405590969208,-1.4920142651605919,-1.4920142651605919,-0.4485159397859756,true,0.0,0.04982405590969208,0.0047186142624008245,0.0047186142624008245,10.608868118210658,92.09791941375231,102.70678753196296,10.329276548455102,3.028026913835724,100.0,0.08,0.6,0.27,1.0
0.02,0.02,0.0,0.005,0.5,0.2,0.15,1.0,1.0,1.0,10.559044062300966,10.533511987838498,0.04982405590969208,-1.3336978905277306,-1.3336978905277306,-0.2878631927468369,true,0.0,0.04982405590969208,0.0047186142624008245,0.0047186142624008245,10.608868118210658,92.09791872119766,102.70678683940832,10.329276618105693,3.028026139089257,100.0,0.08,0.6,0.27,1.0
0.02,0.02,0.0,0.005,0.5,0.2,0.15,1.0,1.0,1.0,10.559044062300966,11.260972620413229,0.04982405590969208,-0.46769960849635406,-0.46769960849635406,-0.03782792617480596,false,0.0,0.04982405590969208,0.0047186142624008245,0.0047186142624008245,10.608868118210658,92.09791773460739,102.70678585281806,10.329276717327605,3.0280250354112415,100.0,0.08,0.6,0.27,1.0
0.02,0.02,0.0,0.005,0.5,0.2,0.15,1.0,1.0,1.0,10.559044062300966,11.98843325298796,0.04982405590969208,0.6359252280793333,0.6359252280793333,0.01439774417488367,false,0.0,0.04982405590969208,0.0047186142624008245,0.0047186142624008245,10.608868118210658,92.09791623730294,102.7067843555136,10.329276867912322,3.0280233604078832,100.0,0.08,0.6,0.27,1.0
0.02,0.02,0.0,0.005,0.5,0.2,0.15,1.0,1.0,1.0,10.559044062300966,12.715893885562691,0.04982405590969208,1.6779152320011126,1.0000318211405523,0.03834476328743034,false,0.0,0.04982405590969208,0.0047186142624008245,0.0047186142624008245,10.608868118210658,92.0979138984721,102.70678201668275,10.329277103129812,3.0280207440064766,100.0,0.08,0.6,0.27,1.0
0.02,0.02,0.0,0.005,0.5,0.2,0.15,1.0,1.0,1.0,10.559044062300966,13.443354518137422,0.04982405590969208,2.5786759779169537,1.0000318294271795,0.06062706881066192,false,0.0,0.04982405590969208,0.0047186142624008245,0.0047186142624008245,10.608868118210658,92.09791022555544,102.7067783437661,10.329277472517056,3.0280166351909887,100.0,0.08,0.6,0.27,1.0
0.02,0.02,0.0,0.005,0.5,0.2,0.15,1.0,1.0,1.0,10.559044062300966,14.170815150712151,0.04982405590969208,3.3616585331878635,1.0000318379910145,0.08141394063671027,false,0.0,0.04982405590969208,0.0047186142624008245,0.0047186142624008245,10.608868118210658,92.09790450041488,102.70677261862554,10.32927804829764,3.028010230595335,100.0,0.08,0.6,0.27,1.0
0.02,0.02,0.0,0.005,0.5,0.2,0.15,1.0,1.0,1.0,10.559044062300966,14.898275783286882,0.04982405590969208,4.042289715579952,1.0000318467980036,0.10076536717198256,false,0.0,0.04982405590969208,0.0047186142624008245,0.0047186142624008245,10.608868118210658,92.09789569605483,102.70676381426549,10.329278933757172,3.0280003813408785,100.0,0.08,0.6,0.27,1.0
0.02,0.02,0.0,0.005,0.5,0.2,0.15,1.0,1.0,1.0,10.559044062300966,15.625736415861613,0.04982405590969208,4.634327372491032,1.0000318567515865,0.11876096801175212,false,0.0,0.04982405590969208,0.0047186142624008245,0.0047186142624008245,10.608868118210658,92.09788236152569,102.70675047973634,10.329280274818691,3.0279854642804693,100.0,0.08,0.6,0.27,1.0
0.02,0.02,0.0,0.005,0.5,0.2,0.15,1.0,1.0,1.0,10.559044062300966,16.022948442580336,0.04982405590969208,4.912677857044903,1.0000318629433196,0.1277363216122367,false,0.0,0.04982405590969208,0.0047186142624008245,0.0047186142624008245,10.608868118210658,92.09787248059797,102.70674059880864,10.329281268549687,3.027974410692136,100.0,0.08,0.6,0.27,1.0
0.02,0.02,0.0,0.005,0.5,0.2,0.15,1.0,1.0,1.0,10.559044062300966,16.353197048436346,0.04982405590969208,5.116012383006366,1.000031868614139,0.13459840370419726,false,0.0,0.04982405590969208,0.0047186142624008245,0.0047186142624008245,10.608868118210658,92.09786250164566,102.70673061985633,10.329282272139274,3.027963247445742,100.0,0.08,0.6,0.27,1.0
0.02,0.02,0.0,0.005,0.5,0.2,0.15,1.0,1.0,1.0,10.559044062300966,17.080657681011076,0.04982405590969208,5.46791324395542,1.0000318828675665,0.1474947432880347,false,0.0,0.04982405590969208,0.0047186142624008245,0.0047186142624008245,10.608868118210658,92.0978333920781,102.70670151028875,10.329285199708126,3.0279306831779484,100.0,0.08,0.6,0.27,1.0
0.02,0.02,0.0,0.005,0.5,0.2,0.15,1.0,1.0,1.0,10.559044062300966,17.80811831358581,0.04982405590969208,5.8408391117770275,1.0000318607058247,0.23735440573742372,false,0.07600778227403282,0.04982405590969208,0.0047186142624008245,0.0047186142624008245,10.608868118210658,92.09791705010923,102.7067851683199,10.329276786167954,3.0280242696773874,100.0,0.08,0.6,0.27,1.0
0.02,0.02,0.0,0.005,0.5,0.2,0.15,1.0,1.0,1.0,10.559044062300966,18.535578946160538,0.04982405590969208,5.860216709099386,1.00003186530393,0.6781053072747277,false,0.51248416181887,0.04982405590969208,0.0047186142624008245,0.0047186142624008245,10.608868118210658,92.09791664973437,102.70678476794504,10.329276826433869,3.028023821786352,100.0,0.08,0.6,0.27,1.0
0.02,0.02,0.0,0.005,0.5,0.2,0.15,1.0,1.0,1.0,10.744833693895705,8.506476918016103,0.22793591846674666,3.51039261749227,-0.436050103689798,0.060229131070743964,false,0.0,0.22793591846674666,0.02158679489562393,0.02158679489562393,10.786979980767713,91.9083024573342,102.69528243810191,10.503870990636214,3.0211760990950243,100.0,0.08,0.6,0.27,1.0
0.02,0.02,0.0,0.005,0.5,0.2,0.15,1.0,1.0,1.0,10.744833693895705,9.247463946530562,0.22793591846674666,-0.4501002668799772,-0.4501002668799772,-0.23128933883460367,true,0.0,0.22793591846674666,0.02158679489562393,0.02158679489562393,10.786979980767713,91.90830196782177,102.69528194858948,10.503871040704487,3.0211755503943616,100.0,0.08,0.6,0.27,1.0
0.02,0.02,0.0,0.005,0.5,0.2,0.15,1.0,1.0,1.0,10.744833693895705,9.988450975045021,0.22793591846674666,-1.5233847215642375,-1.5233847215642375,-0.4735242581317449,true,0.0,0.22793591846674666,0.02158679489562393,0.02158679489562393,10.786979980767713,91.90830139241497,102.69528137318268,10.503871099558202,3.021174905413626,100.0,0.08,0.6,0.27,1.0
0.02,0.02,0.0,0.005,0.5,0.2,0.15,1.0,1.0,1.0,10.744833693895705,10.72943800355948,0.22793591846674666,-1.3429573264580583,-1.3429573264580583,-0.29803681324312636,true,0.0,0.22793591846674666,0.02158679489562393,0.02158679489562393,10.786979980767713,91.90830062734265,102.69528060811037,10.503871177811272,3.0211740478344185,100.0,0.08,0.6,0.27,1.0
0.02,0.02,0.0,0.005,0.5,0.2,0.15,1.0,1.0,1.0,10.744833693895705,11.470425032073939,0.22793591846674666,-0.46964199824367675,-0.46964199824367675,-0.03903783170753868,false,0.0,0.22793591846674666,0.02158679489562393,0.02158679489562393,10.786979980767713,91.90829950797873,102.69527948874644,10.503871292301973,3.0211727931252597,100.0,0.08,0.6,0.27,1.0
0.02,0.02,0.0,0.005,0.5,0.2,0.15,1.0,1.0,1.0,10.744833693895705,12.211412060588398,0.22793591846674666,0.6319118721480973,0.6319118721480973,0.014471619084919517,false,0.0,0.22793591846674666,0.02158679489562393,0.02158679489562393,10.786979980767713,91.90829777676775,102.69527775753546,10.503871469373575,3.021170852589039,100.0,0.08,0.6,0.27,1.0
0.02,0.02,0.0,0.005,0.5,0.2,0.15,1.0,1.0,1.0,10.744833693895705,12.952399089102856,0.22793591846674666,1.6706616564535752,1.0000341325504936,0.03861833263018729,false,0.0,0.22793591846674666,0.02158679489562393,0.02158679489562393,10.786979980767713,91.90829504093823,102.69527502170594,10.503871749199511,3.021167785963197,100.0,0.08,0.6,0.27,1.0
0.02,0.02,0.0,0.005,0.5,0.2,0.15,1.0,1.0,1.0,10.744833693895705,13.693386117617315,0.22793591846674666,2.5695682288016477,1.000034140839754,0.06110194329982898,false,0.0,0.22793591846674666,0.02158679489562393,0.02158679489562393,10.786979980767713,91.90829071570488,102.69527069647259,10.50387219159278,3.02116293775454,100.0,0.08,0.6,0.27,1.0
0.02,0.02,0.0,0.005,0.5,0.2,0.15,1.0,1.0,1.0,10.744833693895705,14.434373146131776,0.22793591846674666,3.3511962883847524,1.0000341495400675,0.08207620927931611,false,0.0,0.22793591846674666,0.02158679489562393,0.02158679489562393,10.786979980767713,91.9082839471109,102.69526392787861,10.503872883897793,3.021155350752136,100.0,0.08,0.6,0.27,1.0
0.02,0.02,0.0,0.005,0.5,0.2,0.15,1.0,1.0,1.0,10.744833693895705,15.175360174646235,0.22793591846674666,4.030821384812037,1.0000341591127166,0.10159994132242506,false,0.0,0.22793591846674666,0.02158679489562393,0.02158679489562393,10.786979980767713,91.90827351387564,102.69525349464335,10.503873951029654,3.021143656007075,100.0,0.08,0.6,0.27,1.0
0.02,0.02,0.0,0.005,0.5,0.2,0.15,1.0,1.0,1.0,10.744833693895705,15.916347203160694,0.22793591846674666,4.622204844408329,1.0000341697424955,0.11975525941786574,false,0.0,0.22793591846674666,0.02158679489562393,0.02158679489562393,10.786979980767713,91.90825769819067,102.69523767895838,10.50387556868949,3.0211259280061853,100.0,0.08,0.6,0.27,1.0
0.02,0.02,0.0,0.005,0.5,0.2,0.15,1.0,1.0,1.0,10.744833693895705,16.65733423167515,0.22793591846674666,5.1021702006283,1.000034182584563,0.13569477781101696,false,0.0,0.22793591846674666,0.02158679489562393,0.02158679489562393,10.786979980767713,91.90823411476761,102.69521409553532,10.503877980850012,3.0210994930496726,100.0,0.08,0.6,0.27,1.0
0.02,0.02,0.0,0.005,0.5,0.2,0.15,1.0,1.0,1.0,10.744833693895705,17.39832126018961,0.22793591846674666,5.455099323999915,1.0000341988466954,0.14873012188520124,false,0.0,0.22793591846674666,0.02158679489562393,0.02158679489562393,10.786979980767713,91.90819952623217,102.69517950699988,10.503881518637838,3.021060722323776,100.0,0.08,0.6,0.27,1.0
0.02,0.02,0.0,0.005,0.5,0.2,0.15,1.0,1.0,1.0,10.744833693895705,18.13930828870407,0.22793591846674666,5.812174558142353,1.0000341715535954,0.2588700188156507,false,0.09660914780910446,0.22793591846674666,0.02158679489562393,0.02158679489562393,10.786979980767713,91.90829901694315,102.69527899771086,10.50387134252604,3.021172242717274,100.0,0.08,0.6,0.27,1.0
0.02,0.02,0.0,0.005,0.5,0.2,0.15,1.0,1.0,1.0,10.744833693895705,18.51637812860262,0.22793591846674666,5.823749064231651,1.000034173745905,0.4873485328063265,false,0.3228510517482359,0.22793591846674666,0.02158679489562393,0.02158679489562393,10.786979980767713,91.90829879994538,102.6952787807131,10.50387136472099,3.021171999481753,100.0,0.08,0.6,0.27,1.0
0.02,0.02,0.0,0.005,0.5,0.2,0.15,1.0,1.0,1.0,10.744833693895705,18.88029531721853,0.22793591846674666,5.8321949451716355,1.0000341759664622,0.7077590184886735,false,0.5412013649177805,0.22793591846674666,0.02158679489562393,0.02158679489562393,10.786979980767713,91.90829856152433,102.69527854229204,10.503871389107154,3.021171732232597,100.0,0.08,0.6,0.27,1.0
0.02,0.02,0.0,0.005,0.5,0.2,0.15,1.0,1.0,1.0,10.930623325490442,8.661775443874184,0.40604778102357564,3.389634936310563,-0.4410913383564214,0.0588611391142097,false,0.0,0.40604778102357564,0.038454975528825666,0.038454975528825666,10.965091843324542,91.71866455062845,102.68375639395299,10.67850673601796,3.014274344204826,100.0,0.08,0.6,0.27,1.0
0.02,0.02,0.0,0.005,0.5,0.2,0.15,1.0,1.0,1.0,10.930623325490442,9.416291478053815,0.40604778102357564,-0.5123439814769679,-0.5123439814769679,-0.2716023352101979,true,0.0,0.40604778102357564,0.038454975528825666,0.038454975528825666,10.965091843324542,91.7186640404492,102.68375588377374,10.678506789073602,3.0142737711944534,100.0,0.08,0.6,0.27,1.0
0.02,0.02,0.0,0.005,0.5,0.2,0.15,1.0,1.0,1.0,10.930623325490442,10.170807512233445,0.40604778102357564,-1.5536166527005058,-1.5536166527005058,-0.49864375982959414,true,0.0,0.40604778102357564,0.038454975528825666,0.038454975528825666,10.965091843324542,91.71866342149099,102.68375526481553,10.678506853441615,3.0142730760084557,100.0,0.08,0.6,0.27,1.0
0.02,0.02,0.0,0.005,0.5,0.2,0.15,1.0,1.0,1.0,10.930623325490442,10.925323546413075,0.40604778102357564,-1.3519180294524538,-1.3519180294524538,-0.3082171631987323,true,0.0,0.40604778102357564,0.038454975528825666,0.038454975528825666,10.965091843324542,91.71866257179852,102.68375441512306,10.678506941804637,3.0142721216721347,100.0,0.08,0.6,0.27,1.0
0.02,0.02,0.0,0.005,0.5,0.2,0.15,1.0,1.0,1.0,10.930623325490442,11.679839580592704,0.40604778102357564,-0.4715677797732427,-0.4715677797732427,-0.04024449936826507,false,0.0,0.40604778102357564,0.038454975528825666,0.038454975528825666,10.965091843324542,91.71866129692876,102.6837531402533,10.678507074383601,3.0142706897958282,100.0,0.08,0.6,0.27,1.0
0.02,0.02,0.0,0.005,0.5,0.2,0.15,1.0,1.0,1.0,10.930623325490442,12.434355614772334,0.40604778102357564,0.6279919147713626,0.6279919147713626,0.01454380592671993,false,0.0,0.40604778102357564,0.038454975528825666,0.038454975528825666,10.965091843324542,91.71865929295521,102.68375113627975,10.67850728278508,3.0142684390229713,100.0,0.08,0.6,0.27,1.0
0.02,0.02,0.0,0.005,0.5,0.2,0.15,1.0,1.0,1.0,10.930623325490442,13.188871648951965,0.40604778102357564,1.6636267085909224,1.0000365669551714,0.03888834298842131,false,0.0,0.40604778102357564,0.038454975528825666,0.038454975528825666,10.965091843324542,91.71865609529634,102.68374793862088,10.678507615322841,3.0142648475564915,100.0,0.08,0.6,0.27,1.0
0.02,0.02,0.0,0.005,0.5,0.2,0.15,1.0,1.0,1.0,10.930623325490442,13.943387683131595,0.40604778102357564,2.560753974454564,1.000036575640729,0.061571146808537286,false,0.0,0.40604778102357564,0.038454975528825666,0.038454975528825666,10.965091843324542,91.71865100957919,102.68374285290373,10.678508144207626,3.0142591355079906,100.0,0.08,0.6,0.27,1.0
0.02,0.02,0.0,0.005,0.5,0.2,0.15,1.0,1.0,1.0,10.930623325490442,14.697903717311226,0.40604778102357564,3.3410833844348424,1.0000365845226515,0.08273066472015742,false,0.0,0.40604778102357564,0.038454975528825666,0.038454975528825666,10.965091843324542,91.71864302543777,102.68373486876231,10.67850897451166,3.014250168079835,100.0,0.08,0.6,0.27,1.0
0.02,0.02,0.0,0.005,0.5,0.2,0.15,1.0,1.0,1.0,10.930623325490442,15.452419751490856,0.40604778102357564,4.0197440253245045,1.0000365945020169,0.1024245431226631,false,0.0,0.40604778102357564,0.038454975528825666,0.038454975528825666,10.965091843324542,91.71863069434886,102.6837225376734,10.678510256873073,3.0142363183559784,100.0,0.08,0.6,0.27,1.0
0.02,0.02,0.0,0.005,0.5,0.2,0.15,1.0,1.0,1.0,10.930623325490442,16.206935785670485,0.40604778102357564,4.610501143505625,1.0000366062982076,0.12073739308498573,false,0.0,0.40604778102357564,0.038454975528825666,0.038454975528825666,10.965091843324542,91.71861198102049,102.68370382434503,10.6785122029508,3.0142153003881234,100.0,0.08,0.6,0.27,1.0
0.02,0.02,0.0,0.005,0.5,0.2,0.15,1.0,1.0,1.0,10.930623325490442,16.961451819850115,0.40604778102357564,5.0887296272444456,1.0000366204067697,0.136775238794562,false,0.0,0.40604778102357564,0.038454975528825666,0.038454975528825666,10.965091843324542,91.71858406882463,102.68367591214917,10.678515105658768,3.0141839506665047,100.0,0.08,0.6,0.27,1.0
0.02,0.02,0.0,0.005,0.5,0.2,0.15,1.0,1.0,1.0,10.930623325490442,17.715967854029746,0.40604778102357564,5.442624170119877,1.0000366384853931,0.1499464483115853,false,0.0,0.40604778102357564,0.038454975528825666,0.038454975528825666,10.965091843324542,91.71854311717942,102.68363496050397,10.678519364397388,3.0141379556224646,100.0,0.08,0.6,0.27,1.0
0.02,0.02,0.0,0.005,0.5,0.2,0.15,1.0,1.0,1.0,10.930623325490442,17.812154519933625,0.40604778102357564,5.488587674014217,1.0000366411363448,0.15167589821296037,false,0.0,0.40604778102357564,0.038454975528825666,0.038454975528825666,10.965091843324542,91.71853670938003,102.68362855270458,10.678520030772455,3.014130758670719,100.0,0.08,0.6,0.27,1.0
0.02,0.02,0.0,0.005,0.5,0.2,0.15,1.0,1.0,1.0,10.930623325490442,18.470483888209376,0.40604778102357564,5.7845374888378345,1.0000366052171756,0.2803658903728194,false,0.11720188797640674,0.40604778102357564,0.038454975528825666,0.038454975528825666,10.965091843324542,91.71866102706099,102.68375287038553,10.678507102448263,3.014270386692508,100.0,0.08,0.6,0.27,1.0
0.02,0.02,0.0,0.005,0.5,0.2,0.15,1.0,1.0,1.0,10.930623325490442,19.224999922389006,0.40604778102357564,5.805177868742919,1.0000366098979798,0.7373937538972719,false,0.5699115084841857,0.40604778102357564,0.038454975528825666,0.038454975528825666,10.965091843324542,91.71866050610852,102.68375234943306,10.67850715662426,3.014269801582148,100.0,0.08,0.6,0.27,1.0
0.02,0.02,0.0,0.005,0.5,0.2,0.15,1.0,1.0,1.0,11.116412957085181,8.817156456697521,0.5841596435807137,3.2724656863147796,-0.4463442927247211,0.05749974687664404,false,0.0,0.5841596435807137,0.05532315616205668,0.05532315616205668,11.14320370588168,91.52900599283734,102.67220969871902,10.853183873786548,3.007321679563968,100.0,0.08,0.6,0.27,1.0
0.02,0.02,0.0,0.005,0.5,0.2,0.15,1.0,1.0,1.0,11.116412957085181,9.585206837586304,0.5841596435807137,-0.5726366292305415,-0.5726366292305415,-0.3121017346154554,true,0.0,0.5841596435807137,0.05532315616205668,0.05532315616205668,11.14320370588168,91.52900545824117,102.67220916412285,10.85318393029717,3.007321077926073,100.0,0.08,0.6,0.27,1.0
0.02,0.02,0.0,0.005,0.5,0.2,0.15,1.0,1.0,1.0,11.116412957085181,10.353257218475086,0.5841596435807137,-1.5828168130759084,-1.5828168130759084,-0.5237346343974649,true,0.0,0.5841596435807137,0.05532315616205668,0.05532315616205668,11.14320370588168,91.52900478820021,102.67220849408189,10.853184001125275,3.0073203238577317,100.0,0.08,0.6,0.27,1.0
0.02,0.02,0.0,0.005,0.5,0.2,0.15,1.0,1.0,1.0,11.116412957085181,11.121307599363869,0.5841596435807137,-1.3604841720680982,-1.3604841720680982,-0.3185017426426862,true,0.0,0.5841596435807137,0.05532315616205668,0.05532315616205668,11.14320370588168,91.52900383992748,102.67220754580916,10.853184101364459,3.0073192566656193,100.0,0.08,0.6,0.27,1.0
0.02,0.02,0.0,0.005,0.5,0.2,0.15,1.0,1.0,1.0,11.116412957085181,11.88935798025265,0.5841596435807137,-0.47328361698269195,-0.47328361698269195,-0.0414329976748825,false,0.0,0.5841596435807137,0.05532315616205668,0.05532315616205668,11.14320370588168,91.52900238453579,102.67220609041746,10.853184255209737,3.0073176187586093,100.0,0.08,0.6,0.27,1.0
0.02,0.02,0.0,0.005,0.5,0.2,0.15,1.0,1.0,1.0,11.116412957085181,12.657408361141432,0.5841596435807137,0.6243664867585801,0.6243664867585801,0.0146190486712455,false,0.0,0.5841596435807137,0.05532315616205668,0.05532315616205668,11.14320370588168,91.5290000626096,102.67220376849127,10.853184500653896,3.0073150056481923,100.0,0.08,0.6,0.27,1.0
0.02,0.02,0.0,0.005,0.5,0.2,0.15,1.0,1.0,1.0,11.116412957085181,13.425458742030214,0.5841596435807137,1.656983811407354,1.0000391288502195,0.03915940350891892,false,0.0,0.5841596435807137,0.05532315616205668,0.05532315616205668,11.14320370588168,91.52899632737812,102.6722000332598,10.853184895494527,3.0073108019951,100.0,0.08,0.6,0.27,1.0
0.02,0.02,0.0,0.005,0.5,0.2,0.15,1.0,1.0,1.0,11.116412957085181,14.193509122918996,0.5841596435807137,2.5523801382141387,1.0000391377780338,0.06203906093995831,false,0.0,0.5841596435807137,0.05532315616205668,0.05532315616205668,11.14320370588168,91.52899035870607,102.67219406458774,10.853185526425833,3.0073040848138444,100.0,0.08,0.6,0.27,1.0
0.02,0.02,0.0,0.005,0.5,0.2,0.15,1.0,1.0,1.0,11.116412957085181,14.961559503807779,0.5841596435807137,3.331445807113757,1.0000391473551633,0.08338151457241473,false,0.0,0.5841596435807137,0.05532315616205668,0.05532315616205668,11.14320370588168,91.52898096094846,102.67218466683013,10.853186519836143,3.0072935085180497,100.0,0.08,0.6,0.27,1.0
0.02,0.02,0.0,0.005,0.5,0.2,0.15,1.0,1.0,1.0,11.116412957085181,15.729609884696561,0.5841596435807137,4.009164684239072,1.0000391578281875,0.10324318912877935,false,0.0,0.5841596435807137,0.05532315616205668,0.05532315616205668,11.14320370588168,91.52896642517689,102.67217013105856,10.8531880563717,3.007277149868881,100.0,0.08,0.6,0.27,1.0
0.02,0.02,0.0,0.005,0.5,0.2,0.15,1.0,1.0,1.0,11.116412957085181,16.497660265585342,0.5841596435807137,4.599307772697291,1.0000391704966747,0.12171122218638941,false,0.0,0.5841596435807137,0.05532315616205668,0.05532315616205668,11.14320370588168,91.52894434504195,102.67214805092362,10.853190390401535,3.0072523007455,100.0,0.08,0.6,0.27,1.0
0.02,0.02,0.0,0.005,0.5,0.2,0.15,1.0,1.0,1.0,11.116412957085181,17.265710646474126,0.5841596435807137,5.0758227185918905,1.000039186500568,0.13784492921820538,false,0.0,0.5841596435807137,0.05532315616205668,0.05532315616205668,11.14320370588168,91.52891138926904,102.67211509515072,10.853193874066768,3.007215212110448,100.0,0.08,0.6,0.27,1.0
0.02,0.02,0.0,0.005,0.5,0.2,0.15,1.0,1.0,1.0,11.116412957085181,18.033761027362907,0.5841596435807137,5.429830141946312,1.0000392067732349,0.15112697270644115,false,0.0,0.5841596435807137,0.05532315616205668,0.05532315616205668,11.14320370588168,91.5288630206018,102.67206672648348,10.853198986991245,3.0071607777067078,100.0,0.08,0.6,0.27,1.0
0.02,0.02,0.0,0.005,0.5,0.2,0.15,1.0,1.0,1.0,11.116412957085181,18.80181140825169,0.5841596435807137,5.757879423270754,1.0000391665670192,0.30194287586931207,false,0.13788578046591482,0.5841596435807137,0.05532315616205668,0.05532315616205668,11.14320370588168,91.52900236651111,102.67220607239278,10.853184257115075,3.0073175984735245,100.0,0.08,0.6,0.27,1.0
0.02,0.02,0.0,0.005,0.5,0.2,0.15,1.0,1.0,1.0,11.116412957085181,18.849745911867995,0.5841596435807137,5.7595413707080505,1.0000391668723774,0.33098658009952536,false,0.1666464826356968,0.5841596435807137,0.05532315616205668,0.05532315616205668,11.14320370588168,91.52900233399461,102.67220603987629,10.8531842605523,3.0073175618792414,100.0,0.08,0.6,0.27,1.0
0.02,0.02,0.0,0.005,0.5,0.2,0.15,1.0,1.0,1.0,11.116412957085181,19.56986178914047,0.5841596435807137,5.779115870339622,1.0000391710791185,0.7671119462636792,false,0.5987160089991832,0.5841596435807137,0.05532315616205668,0.05532315616205668,11.14320370588168,91.52900176771642,102.6722054735981,10.853184320411941,3.007316924586201,100.0,0.08,0.6,0.27,1.0
0.02,0.02,0.0,0.005,0.5,0.2,0.15,1.0,1.0,1.0,11.30220258867992,8.972524525865685,0.7622715061375498,3.159461261319143,-0.45212934394932824,0.05615774778336375,false,0.0,0.7622715061375498,0.07219133679525909,0.07219133679525909,11.321315568438516,91.33932605941607,102.66064162785459,11.02790260115298,3.0003169813688,100.0,0.08,0.6,0.27,1.0
0.02,0.02,0.0,0.005,0.5,0.2,0.15,1.0,1.0,1.0,11.30220258867992,9.754097474304407,0.7622715061375498,-0.6307753188186696,-0.6307753188186696,-0.35267985033704147,true,0.0,0.7622715061375498,0.07219133679525909,0.07219133679525909,11.321315568438516,91.33932549616651,102.66064106460503,11.027902661657778,3.0003163462110294,100.0,0.08,0.6,0.27,1.0
0.02,0.02,0.0,0.005,0.5,0.2,0.15,1.0,1.0,1.0,11.30220258867992,10.53567042274313,0.7622715061375498,-1.6109941075751104,-1.6109941075751104,-0.5489993053807725,true,0.0,0.7622715061375498,0.07219133679525909,0.07219133679525909,11.321315568438516,91.3393247666589,102.66064033509743,11.027902740022173,3.0003155235695855,100.0,0.08,0.6,0.27,1.0
0.02,0.02,0.0,0.005,0.5,0.2,0.15,1.0,1.0,1.0,11.30220258867992,11.317243371181853,0.7622715061375498,-1.368791924049823,-1.368791924049823,-0.3287383545869585,true,0.0,0.7622715061375498,0.07219133679525909,0.07219133679525909,11.321315568438516,91.33932370367103,102.66063927210955,11.027902854209334,3.000314324873554,100.0,0.08,0.6,0.27,1.0
0.02,0.02,0.0,0.005,0.5,0.2,0.15,1.0,1.0,1.0,11.30220258867992,12.098816319620575,0.7622715061375498,-0.47502049742295327,-0.47502049742295327,-0.04274187372197867,false,0.0,0.7622715061375498,0.07219133679525909,0.07219133679525909,11.321315568438516,91.33932203845171,102.66063760689023,11.027903033088768,3.0003124470611597,100.0,0.08,0.6,0.27,1.0
0.02,0.02,0.0,0.005,0.5,0.2,0.15,1.0,1.0,1.0,11.30220258867992,12.880389268059298,0.7622715061375498,0.6207656979762471,0.6207656979762471,0.01469137750471409,false,0.0,0.7622715061375498,0.07219133679525909,0.07219133679525909,11.321315568438516,91.33931934965027,102.66063491808879,11.027903321922377,3.0003094149892995,100.0,0.08,0.6,0.27,1.0
0.02,0.02,0.0,0.005,0.5,0.2,0.15,1.0,1.0,1.0,11.30220258867992,13.66196221649802,0.7622715061375498,1.6504682056680458,1.000041822944719,0.039425372348722926,false,0.0,0.7622715061375498,0.07219133679525909,0.07219133679525909,11.321315568438516,91.33931498983108,102.6606305582696,11.027903790258332,3.000304498566364,100.0,0.08,0.6,0.27,1.0
0.02,0.02,0.0,0.005,0.5,0.2,0.15,1.0,1.0,1.0,11.30220258867992,14.443535164936744,0.7622715061375498,2.5441947646449434,1.0000418320040194,0.06249953665003884,false,0.0,0.7622715061375498,0.07219133679525909,0.07219133679525909,11.321315568438516,91.33930799933125,102.66062356776978,11.027904541184604,3.00029661561243,100.0,0.08,0.6,0.27,1.0
0.02,0.02,0.0,0.005,0.5,0.2,0.15,1.0,1.0,1.0,11.30220258867992,15.225108113375466,0.7622715061375498,3.3220425699202596,1.0000418419980075,0.08402257939528815,false,0.0,0.7622715061375498,0.07219133679525909,0.07219133679525909,11.321315568438516,91.33929696480742,102.66061253324594,11.02790572652407,3.0002841723472784,100.0,0.08,0.6,0.27,1.0
0.02,0.02,0.0,0.005,0.5,0.2,0.15,1.0,1.0,1.0,11.30220258867992,16.006681061814188,0.7622715061375498,3.998855861998255,1.0000418536015399,0.10404975720655893,false,0.0,0.7622715061375498,0.07219133679525909,0.07219133679525909,11.321315568438516,91.33927987629235,102.66059544473087,11.027907562189764,3.00026490219778,100.0,0.08,0.6,0.27,1.0
0.02,0.02,0.0,0.005,0.5,0.2,0.15,1.0,1.0,1.0,11.30220258867992,16.78825401025291,0.7622715061375498,4.588410086969494,1.0000418672968439,0.12267069128027586,false,0.0,0.7622715061375498,0.07219133679525909,0.07219133679525909,11.321315568438516,91.33925390165982,102.66056947009834,11.027910352412418,3.0002356114694706,100.0,0.08,0.6,0.27,1.0
0.02,0.02,0.0,0.005,0.5,0.2,0.15,1.0,1.0,1.0,11.30220258867992,17.436262621889572,0.7622715061375498,4.990060845848097,1.0000418816484478,0.13630194827816738,false,0.0,0.7622715061375498,0.07219133679525909,0.07219133679525909,11.321315568438516,91.33922285583112,102.66053842426965,11.027913687390207,3.0002006021220717,100.0,0.08,0.6,0.27,1.0
0.02,0.02,0.0,0.005,0.5,0.2,0.15,1.0,1.0,1.0,11.30220258867992,17.569826958691632,0.7622715061375498,5.063252288787139,1.0000418849518515,0.1388980512772991,false,0.0,0.7622715061375498,0.07219133679525909,0.07219133679525909,11.321315568438516,91.33921512273804,102.66053069117656,11.027914518088068,3.0001918817704754,100.0,0.08,0.6,0.27,1.0
0.02,0.02,0.0,0.005,0.5,0.2,0.15,1.0,1.0,1.0,11.30220258867992,18.351399907130357,0.7622715061375498,5.41740574436205,1.0000419082875704,0.1522898842914049,false,0.0,0.7622715061375498,0.07219133679525909,0.07219133679525909,11.321315568438516,91.33915817597764,102.66047374441617,11.0279206353792,3.0001276648047304,100.0,0.08,0.6,0.27,1.0
0.02,0.02,0.0,0.005,0.5,0.2,0.15,1.0,1.0,1.0,11.30220258867992,19.13297285556908,0.7622715061375498,5.732138625849359,1.0000418600353327,0.32340837600865957,false,0.15847002932046372,0.7622715061375498,0.07219133679525909,0.07219133679525909,11.321315568438516,91.33932230774263,102.66063787618116,11.027903004161281,3.000312750731582,100.0,0.08,0.6,0.27,1.0
0.02,0.02,0.0,0.005,0.5,0.2,0.15,1.0,1.0,1.0,11.30220258867992,19.9145458040078,0.7622715061375498,5.753952612896102,1.0000418644486102,0.7967108137403722,false,0.6274137983836958,0.7622715061375498,0.07219133679525909,0.07219133679525909,11.321315568438516,91.3393216169538,102.66063718539232,11.027903078366473,3.000311971752012,100.0,0.08,0.6,0.27,1.0
0.02,0.02,0.0,0.005,0.5,0.2,0.15,1.0,1.0,1.0,11.487992220274657,9.127818194276738,0.9403833686945173,3.0508661875459704,-0.4582183520784186,0.05484259448667297,false,0.0,0.9403833686945173,0.08905951742847396,0.08905951742847396,11.499427430995484,91.14962401225017,102.64905144324565,11.202663121883285,2.9932591014370846,100.0,0.08,0.6,0.27,1.0
0.02,0.02,0.0,0.005,0.5,0.2,0.15,1.0,1.0,1.0,11.487992220274657,9.922918759202917,0.9403833686945173,-0.686761179988236,-0.686761179988236,-0.39328728697572907,true,0.0,0.9403833686945173,0.08905951742847396,0.08905951742847396,11.499427430995484,91.14962341556488,102.64905084656036,11.202663187002878,2.9932584272207574,100.0,0.08,0.6,0.27,1.0
0.02,0.02,0.0,0.005,0.5,0.2,0.15,1.0,1.0,1.0,11.487992220274657,10.718019324129095,0.9403833686945173,-1.6381972825952908,-1.6381972825952908,-0.5742345065018274,true,0.0,0.9403833686945173,0.08905951742847396,0.08905951742847396,11.499427430995484,91.14962261710413,102.64905004809961,11.202663274143351,2.9932575250110727,100.0,0.08,0.6,0.27,1.0
0.02,0.02,0.0,0.005,0.5,0.2,0.15,1.0,1.0,1.0,11.487992220274657,11.513119889055274,0.9403833686945173,-1.376866050099086,-1.376866050099086,-0.3390391729134218,true,0.0,0.9403833686945173,0.08905951742847396,0.08905951742847396,11.499427430995484,91.1496214215688,102.64904885256428,11.202663404618791,2.9932561741324193,100.0,0.08,0.6,0.27,1.0
0.02,0.02,0.0,0.005,0.5,0.2,0.15,1.0,1.0,1.0,11.487992220274657,12.308220453981454,0.9403833686945173,-0.4767698694123838,-0.4767698694123838,-0.044052010226450375,false,0.0,0.9403833686945173,0.08905951742847396,0.08905951742847396,11.499427430995484,91.14961951391074,102.64904694490622,11.202663612812163,2.993254018600533,100.0,0.08,0.6,0.27,1.0
0.02,0.02,0.0,0.005,0.5,0.2,0.15,1.0,1.0,1.0,11.487992220274657,13.103321018907632,0.9403833686945173,0.6172198048952167,0.6172198048952167,0.014761576658598157,false,0.0,0.9403833686945173,0.08905951742847396,0.08905951742847396,11.499427430995484,91.14961639907838,102.64904383007386,11.202663952751218,2.9932504990387354,100.0,0.08,0.6,0.27,1.0
0.02,0.02,0.0,0.005,0.5,0.2,0.15,1.0,1.0,1.0,11.487992220274657,13.89842158383381,0.9403833686945173,1.6441219506089901,1.0000446537690988,0.03968755057809353,false,0.0,0.9403833686945173,0.08905951742847396,0.08905951742847396,11.499427430995484,91.14961132018543,102.64903875118091,11.202664507039223,2.9932447602137646,100.0,0.08,0.6,0.27,1.0
0.02,0.02,0.0,0.005,0.5,0.2,0.15,1.0,1.0,1.0,11.487992220274657,14.693522148759989,0.9403833686945173,2.536247502942177,1.0000446630403421,0.06295429237955884,false,0.0,0.9403833686945173,0.08905951742847396,0.08905951742847396,11.499427430995484,91.14960314631645,102.64903057731193,11.202665399099397,2.9932355242633824,100.0,0.08,0.6,0.27,1.0
0.02,0.02,0.0,0.005,0.5,0.2,0.15,1.0,1.0,1.0,11.487992220274657,15.488622713686167,0.9403833686945173,3.31292889869847,1.000044673440296,0.08465595699393572,false,0.0,0.9403833686945173,0.08905951742847396,0.08905951742847396,11.499427430995484,91.14959022178067,102.64901765277615,11.202666809626775,2.993220920362627,100.0,0.08,0.6,0.27,1.0
0.02,0.02,0.0,0.005,0.5,0.2,0.15,1.0,1.0,1.0,11.487992220274657,16.283723278612346,0.9403833686945173,3.9888754001716697,1.000044685838331,0.10484665447428305,false,0.0,0.9403833686945173,0.08905951742847396,0.08905951742847396,11.499427430995484,91.1495701846242,102.64899761561968,11.202668996395209,2.993198279654341,100.0,0.08,0.6,0.27,1.0
0.02,0.02,0.0,0.005,0.5,0.2,0.15,1.0,1.0,1.0,11.487992220274657,17.078823843538526,0.9403833686945173,4.5778669981889895,1.0000447013243985,0.12361847121644416,false,0.0,0.9403833686945173,0.08905951742847396,0.08905951742847396,11.499427430995484,91.14953971095629,102.64896714195177,11.202672322160916,2.993163846354041,100.0,0.08,0.6,0.27,1.0
0.02,0.02,0.0,0.005,0.5,0.2,0.15,1.0,1.0,1.0,11.487992220274657,17.873924408464703,0.9403833686945173,5.051101663073207,1.0000447209111492,0.13993820714820351,false,0.0,0.9403833686945173,0.08905951742847396,0.08905951742847396,11.499427430995484,91.14949417430806,102.64892160530354,11.202677291839514,2.9931123928471193,100.0,0.08,0.6,0.27,1.0
0.02,0.02,0.0,0.005,0.5,0.2,0.15,1.0,1.0,1.0,11.487992220274657,18.669024973390883,0.9403833686945173,5.40572423305824,1.0000447472787315,0.15344726467387781,false,0.0,0.9403833686945173,0.08905951742847396,0.08905951742847396,11.499427430995484,91.1494273091161,102.64885474011159,11.202684589233813,2.9930368394467166,100.0,0.08,0.6,0.27,1.0
0.02,0.02,0.0,0.005,0.5,0.2,0.15,1.0,1.0,1.0,11.487992220274657,19.46412553831706,0.9403833686945173,5.707273486663791,1.000044689703338,0.34485781170553487,false,0.1790490194333696,0.9403833686945173,0.08905951742847396,0.08905951742847396,11.499427430995484,91.14962010891354,102.64904753990902,11.202663547876185,2.9932546909157365,100.0,0.08,0.6,0.27,1.0
0.02,0.02,0.0,0.005,0.5,0.2,0.15,1.0,1.0,1.0,11.487992220274657,19.570964269613505,0.9403833686945173,5.710940825240346,1.0000446903110496,0.40957382543346776,false,0.24315225821123576,0.9403833686945173,0.08905951742847396,0.08905951742847396,11.499427430995484,91.14962001565772,102.6490474466532,11.202663558053713,2.9932545855426262,100.0,0.08,0.6,0.27,1.0
0.02,0.02,0.0,0.005,0.5,0.2,0.15,1.0,1.0,1.0,11.487992220274657,20.25922610324324,0.9403833686945173,5.729645573775194,1.00004469434856,0.8262958925645351,false,0.6561093583890774,0.9403833686945173,0.08905951742847396,0.08905951742847396,11.499427430995484,91.14961930967351,102.649046740669,11.202663635101711,2.9932537878255117,100.0,0.08,0.6,0.27,1.0
0.02,0.02,0.0,0.005,0.5,0.2,0.15,1.0,1.0,1.0,11.673781851869396,9.28310029980911,1.1184952312514511,2.945981369710155,-0.464777354775889,0.05354523172500184,false,0.0,1.1184952312514511,0.10592769806168562,0.10592769806168562,11.677539293552417,90.9598990995705,102.63743839312292,11.377465646429124,2.986146866864159,100.0,0.08,0.6,0.27,1.0
0.02,0.02,0.0,0.005,0.5,0.2,0.15,1.0,1.0,1.0,11.673781851869396,10.091740020391606,1.1184952312514511,-0.7408784682394832,-0.7408784682394832,-0.43395237005568776,true,0.0,1.1184952312514511,0.10592769806168562,0.10592769806168562,11.677539293552417,90.95989846400239,102.6374377575548,11.377465716882504,2.9861461472645123,100.0,0.08,0.6,0.27,1.0
0.02,0.02,0.0,0.005,0.5,0.2,0.15,1.0,1.0,1.0,11.673781851869396,10.900379740974103,1.1184952312514511,-1.6644966955017488,-1.6644966955017488,-0.5995763090661107,true,0.0,1.1184952312514511,0.10592769806168562,0.10592769806168562,11.677539293552417,90.95989758580193,102.63743687935434,11.377465814231932,2.9861451529529237,100.0,0.08,0.6,0.27,1.0
0.02,0.02,0.0,0.005,0.5,0.2,0.15,1.0,1.0,1.0,11.673781851869396,11.709019461556599,1.1184952312514511,-1.384652983172904,-1.384652983172904,-0.3494221691347498,true,0.0,1.1184952312514511,0.10592769806168562,0.10592769806168562,11.677539293552417,90.95989623688406,102.63743553043648,11.377465963760871,2.98614362568812,100.0,0.08,0.6,0.27,1.0
0.02,0.02,0.0,0.005,0.5,0.2,0.15,1.0,1.0,1.0,11.673781851869396,12.517659182139095,1.1184952312514511,-0.4784153498438698,-0.4784153498438698,-0.04534195257376743,false,0.0,1.1184952312514511,0.10592769806168562,0.10592769806168562,11.677539293552417,90.95989404939093,102.63743334294334,11.377466206246755,2.9861411489759515,100.0,0.08,0.6,0.27,1.0
0.02,0.02,0.0,0.005,0.5,0.2,0.15,1.0,1.0,1.0,11.673781851869396,13.326298902721591,1.1184952312514511,0.6138548208887011,0.6138548208887011,0.014832722948139369,false,0.0,1.1184952312514511,0.10592769806168562,0.10592769806168562,11.677539293552417,90.95989044461746,102.63742973816987,11.377466605839656,2.9861370675979604,100.0,0.08,0.6,0.27,1.0
0.02,0.02,0.0,0.005,0.5,0.2,0.15,1.0,1.0,1.0,11.673781851869396,14.134938623304087,1.1184952312514511,1.6380564561071806,1.0000476253632944,0.03994904127994551,false,0.0,1.1184952312514511,0.10592769806168562,0.10592769806168562,11.677539293552417,90.95988453630909,102.6374238298615,11.377467260781865,2.986130378123586,100.0,0.08,0.6,0.27,1.0
0.02,0.02,0.0,0.005,0.5,0.2,0.15,1.0,1.0,1.0,11.673781851869396,14.943578343886584,1.1184952312514511,2.5286379567639035,1.0000476353933745,0.0634064506307313,false,0.0,1.1184952312514511,0.10592769806168562,0.10592769806168562,11.677539293552417,90.95987499662786,102.63741429018027,11.377468318265743,2.986119577155022,100.0,0.08,0.6,0.27,1.0
0.02,0.02,0.0,0.005,0.5,0.2,0.15,1.0,1.0,1.0,11.673781851869396,15.75221806446908,1.1184952312514511,3.3041929413170843,1.000047646434905,0.0852847522764566,false,0.0,1.1184952312514511,0.10592769806168562,0.10592769806168562,11.677539293552417,90.95985989370207,102.63739918725449,11.377469992441638,2.9861024773984335,100.0,0.08,0.6,0.27,1.0
0.02,0.02,0.0,0.005,0.5,0.2,0.15,1.0,1.0,1.0,11.673781851869396,16.560857785051574,1.1184952312514511,3.9793010287871975,1.0000476597152756,0.10563695465912727,false,0.0,1.1184952312514511,0.10592769806168562,0.10592769806168562,11.677539293552417,90.95983645821337,102.63737575176579,11.377472590292252,2.9860759433905315,100.0,0.08,0.6,0.27,1.0
0.02,0.02,0.0,0.005,0.5,0.2,0.15,1.0,1.0,1.0,11.673781851869396,17.369497505634072,1.1184952312514511,4.567747451779915,1.000047676720687,0.12455760983744793,false,0.0,1.1184952312514511,0.10592769806168562,0.10592769806168562,11.677539293552417,90.9598007835995,102.63734007715192,11.377476544866104,2.9860355520635817,100.0,0.08,0.6,0.27,1.0
0.02,0.02,0.0,0.005,0.5,0.2,0.15,1.0,1.0,1.0,11.673781851869396,18.110930506971766,1.1184952312514511,5.004269776352842,1.0000476969630396,0.13969575365390155,false,0.0,1.1184952312514511,0.10592769806168562,0.10592769806168562,11.677539293552417,90.95975275823832,102.63729205179074,11.377481868539494,2.9859811770373446,100.0,0.08,0.6,0.27,1.0
0.02,0.02,0.0,0.005,0.5,0.2,0.15,1.0,1.0,1.0,11.673781851869396,18.17813722621657,1.1184952312514511,5.039348849750837,1.000047699118594,0.14096612908739198,false,0.0,1.1184952312514511,0.10592769806168562,0.10592769806168562,11.677539293552417,90.9597474780312,102.63728677158362,11.377482453857585,2.985975198708535,100.0,0.08,0.6,0.27,1.0
0.02,0.02,0.0,0.005,0.5,0.2,0.15,1.0,1.0,1.0,11.673781851869396,18.986776946799065,1.1184952312514511,5.39577381895312,1.00004772888393,0.1546292013026629,false,0.0,1.1184952312514511,0.10592769806168562,0.10592769806168562,11.677539293552417,90.95966920898965,102.63720850254207,11.377491130093619,2.985886581338826,100.0,0.08,0.6,0.27,1.0
0.02,0.02,0.0,0.005,0.5,0.2,0.15,1.0,1.0,1.0,11.673781851869396,19.79541666738156,1.1184952312514511,5.683245254086376,1.000047660729487,0.36638044120617747,false,0.1997110773361861,1.1184952312514511,0.10592769806168562,0.10592769806168562,11.677539293552417,90.95989501406218,102.6374343076146,11.377466099311944,2.9861422411910477,100.0,0.08,0.6,0.27,1.0
0.02,0.02,0.0,0.005,0.5,0.2,0.15,1.0,1.0,1.0,11.673781851869396,20.604056387964057,1.1184952312514511,5.706155129604259,1.0000476652230479,0.8559603034961364,false,0.6848949096856849,1.1184952312514511,0.10592769806168562,0.10592769806168562,11.677539293552417,90.95989408729268,102.6374333808451,11.377466202045305,2.986141191888869,100.0,0.08,0.6,0.27,1.0
0.02,0.02,0.0,0.005,0.5,0.2,0.15,1.0,1.0,1.0,11.859571483464135,9.438512345291487,1.2966070938083387,2.8436162238492404,-0.47138382553598857,0.0522471788552622,false,0.0,1.2966070938083387,0.1227958786948929,0.1227958786948929,11.855651156109305,90.77015055587695,102.62580171198626,11.55231039206061,2.9789790796874716,100.0,0.08,0.6,0.27,1.0
0.02,0.02,0.0,0.005,0.5,0.2,0.15,1.0,1.0,1.0,11.859571483464135,10.260669181102147,1.2966070938083387,-0.7934720539597625,-0.7934720539597625,-0.47480356147579916,true,0.0,1.2966070938083387,0.1227958786948929,0.1227958786948929,11.855651156109305,90.77014987528446,102.62580103139376,11.552310468673078,2.9789783075534704,100.0,0.08,0.6,0.27,1.0
0.02,0.02,0.0,0.005,0.5,0.2,0.15,1.0,1.0,1.0,11.859571483464135,11.082826016912808,1.2966070938083387,-1.6899491303808636,-1.6899491303808636,-0.624904278549013,true,0.0,1.2966070938083387,0.1227958786948929,0.1227958786948929,11.855651156109305,90.77014890492373,102.62580006103303,11.552310577903976,2.978977206676614,100.0,0.08,0.6,0.27,1.0
0.02,0.02,0.0,0.005,0.5,0.2,0.15,1.0,1.0,1.0,11.859571483464135,11.904982852723467,1.2966070938083387,-1.3921321449989856,-1.3921321449989856,-0.35971470100013014,true,0.0,1.2966070938083387,0.1227958786948929,0.1227958786948929,11.855651156109305,90.7701473794251,102.6257985355344,11.552310749625262,2.9789754759943277,100.0,0.08,0.6,0.27,1.0
0.02,0.02,0.0,0.005,0.5,0.2,0.15,1.0,1.0,1.0,11.859571483464135,12.727139688534127,1.2966070938083387,-0.47995253705690566,-0.47995253705690566,-0.04661029472914739,false,0.0,1.2966070938083387,0.1227958786948929,0.1227958786948929,11.855651156109305,90.77014487017355,102.62579602628286,11.552311032084981,2.9789726292417384,100.0,0.08,0.6,0.27,1.0
0.02,0.02,0.0,0.005,0.5,0.2,0.15,1.0,1.0,1.0,11.859571483464135,13.549296524344788,1.2966070938083387,0.6106272363632541,0.6106272363632541,0.014903961254862081,false,0.0,1.2966070938083387,0.1227958786948929,0.1227958786948929,11.855651156109305,90.77014070133055,102.62579185743985,11.552311501360494,2.9789678996781754,100.0,0.08,0.6,0.27,1.0
0.02,0.02,0.0,0.005,0.5,0.2,0.15,1.0,1.0,1.0,11.859571483464135,14.371453360155447,1.2966070938083387,1.632187214749907,1.000050743058937,0.04020801895548281,false,0.0,1.2966070938083387,0.1227958786948929,0.1227958786948929,11.855651156109305,90.77013383705263,102.62578499316193,11.55231227405399,2.978960112136475,100.0,0.08,0.6,0.27,1.0
0.02,0.02,0.0,0.005,0.5,0.2,0.15,1.0,1.0,1.0,11.859571483464135,15.193610195966109,1.2966070938083387,2.521254810289843,1.0000507534070389,0.06385341687392677,false,0.0,1.2966070938083387,0.1227958786948929,0.1227958786948929,11.855651156109305,90.770122730286,102.62577388639531,11.552313524313371,2.978947511479979,100.0,0.08,0.6,0.27,1.0
0.02,0.02,0.0,0.005,0.5,0.2,0.15,1.0,1.0,1.0,11.859571483464135,16.015767031776768,1.2966070938083387,3.295703689393897,1.0000507654878452,0.08590569517620993,false,0.0,1.2966070938083387,0.1227958786948929,0.1227958786948929,11.855651156109305,90.77010512340281,102.62575627951212,11.552315506274256,2.9789275364238144,100.0,0.08,0.6,0.27,1.0
0.02,0.02,0.0,0.005,0.5,0.2,0.15,1.0,1.0,1.0,11.859571483464135,16.837923867587428,1.2966070938083387,3.9699892095736242,1.0000507800497749,0.10641684201209417,false,0.0,1.2966070938083387,0.1227958786948929,0.1227958786948929,11.855651156109305,90.77007778081385,102.62572893692315,11.552318584159478,2.978896516183349,100.0,0.08,0.6,0.27,1.0
0.02,0.02,0.0,0.005,0.5,0.2,0.15,1.0,1.0,1.0,11.859571483464135,17.660080703398087,1.2966070938083387,4.557862448516949,1.0000507987500313,0.12548279722124495,false,0.0,1.2966070938083387,0.1227958786948929,0.1227958786948929,11.855651156109305,90.77003613351813,102.62568728962744,11.55232327229206,2.9788492672147227,100.0,0.08,0.6,0.27,1.0
0.02,0.02,0.0,0.005,0.5,0.2,0.15,1.0,1.0,1.0,11.859571483464135,17.72259813436744,1.2966070938083387,4.598339406116387,1.0000508004152597,0.12684762991424428,false,0.0,1.2966070938083387,0.1227958786948929,0.1227958786948929,11.855651156109305,90.77003222306455,102.62568337917385,11.552323712482297,2.978844830794669,100.0,0.08,0.6,0.27,1.0
0.02,0.02,0.0,0.005,0.5,0.2,0.15,1.0,1.0,1.0,11.859571483464135,18.482237539208747,1.2966070938083387,5.027895570180414,1.0000508239390873,0.14197877781768117,false,0.0,1.2966070938083387,0.1227958786948929,0.1227958786948929,11.855651156109305,90.76997391401741,102.62562507012672,11.552330276193723,2.9787786790244075,100.0,0.08,0.6,0.27,1.0
0.02,0.02,0.0,0.005,0.5,0.2,0.15,1.0,1.0,1.0,11.859571483464135,19.30439437501941,1.2966070938083387,5.386978185141241,1.0000508581056953,0.15581964470026718,false,0.0,1.2966070938083387,0.1227958786948929,0.1227958786948929,11.855651156109305,90.76988248222305,102.62553363833236,11.552340568469424,2.978674949408666,100.0,0.08,0.6,0.27,1.0
0.02,0.02,0.0,0.005,0.5,0.2,0.15,1.0,1.0,1.0,11.859571483464135,20.12655121083007,1.2966070938083387,5.660002406995887,1.0000507777277299,0.3877976453467565,false,0.22027918386940826,1.2966070938083387,0.1227958786948929,0.1227958786948929,11.855651156109305,90.77014625340234,102.62579740951165,11.552310876378623,2.9789741985185136,100.0,0.08,0.6,0.27,1.0
0.02,0.02,0.0,0.005,0.5,0.2,0.15,1.0,1.0,1.0,11.859571483464135,20.94870804664073,1.2966070938083387,5.683433986474418,1.0000507821858973,0.8855052692740347,false,0.7135732853558032,1.2966070938083387,0.1227958786948929,0.1227958786948929,11.855651156109305,90.77014517727514,102.62579633338444,11.552310997515379,2.978972977649308,100.0,0.08,0.6,0.27,1.0
0.02,0.02,0.0,0.005,0.5,0.2,0.15,1.0,1.0,1.0,12.045361115058874,9.593853527615506,1.4747189563653098,2.745065805024928,-0.478496503652056,0.05097387614962771,false,0.0,1.4747189563653098,0.1396640593281081,0.1396640593281081,12.033763018666276,90.58037760224788,102.61414062091416,11.727197582955377,2.9717545169845927,100.0,0.08,0.6,0.27,1.0
0.02,0.02,0.0,0.005,0.5,0.2,0.15,1.0,1.0,1.0,12.045361115058874,10.429544823804239,1.4747189563653098,-0.8442390782817114,-0.8442390782817114,-0.5156571817268575,true,0.0,1.4747189563653098,0.1396640593281081,0.1396640593281081,12.033763018666276,90.58037686969574,102.61413988836202,11.727197666674675,2.971753684219469,100.0,0.08,0.6,0.27,1.0
0.02,0.02,0.0,0.005,0.5,0.2,0.15,1.0,1.0,1.0,12.045361115058874,11.265236119992974,1.4747189563653098,-1.7145709003187342,-1.7145709003187342,-0.6503114054893253,true,0.0,1.4747189563653098,0.1396640593281081,0.1396640593281081,12.033763018666276,90.58037579327004,102.61413881193631,11.727197789693363,2.9717524605389567,100.0,0.08,0.6,0.27,1.0
0.02,0.02,0.0,0.005,0.5,0.2,0.15,1.0,1.0,1.0,12.045361115058874,12.100927416181706,1.4747189563653098,-1.399383788958534,-1.399383788958534,-0.37006415085835437,true,0.0,1.4747189563653098,0.1396640593281081,0.1396640593281081,12.033763018666276,90.58037406543757,102.61413708410385,11.727197987157707,2.9717504963393537,100.0,0.08,0.6,0.27,1.0
0.02,0.02,0.0,0.005,0.5,0.2,0.15,1.0,1.0,1.0,12.045361115058874,12.93661871237044,1.4747189563653098,-0.48144181775186173,-0.48144181775186173,-0.0478678823754043,false,0.0,1.4747189563653098,0.1396640593281081,0.1396640593281081,12.033763018666276,90.58037118674311,102.61413420540939,11.727198316147666,2.9717472238401044,100.0,0.08,0.6,0.27,1.0
0.02,0.02,0.0,0.005,0.5,0.2,0.15,1.0,1.0,1.0,12.045361115058874,13.772310008559174,1.4747189563653098,0.6075250454345413,0.6075250454345413,0.01497515137866025,false,0.0,1.4747189563653098,0.1396640593281081,0.1396640593281081,12.033763018666276,90.58036637015658,102.61412938882286,11.72719886660856,2.9717417483455355,100.0,0.08,0.6,0.27,1.0
0.02,0.02,0.0,0.005,0.5,0.2,0.15,1.0,1.0,1.0,12.045361115058874,14.608001304747907,1.4747189563653098,1.626546386424473,1.0000540116730356,0.04046558950558491,false,0.0,1.4747189563653098,0.1396640593281081,0.1396640593281081,12.033763018666276,90.58035841045891,102.61412142912519,11.727199776278265,2.9717326997628746,100.0,0.08,0.6,0.27,1.0
0.02,0.02,0.0,0.005,0.5,0.2,0.15,1.0,1.0,1.0,12.045361115058874,15.44369260093664,1.4747189563653098,2.5141607955579177,1.000054022406251,0.06429731011537604,false,0.0,1.4747189563653098,0.1396640593281081,0.1396640593281081,12.033763018666276,90.58034550580236,102.61410852446863,11.727201251080196,2.9717180297519574,100.0,0.08,0.6,0.27,1.0
0.02,0.02,0.0,0.005,0.5,0.2,0.15,1.0,1.0,1.0,12.045361115058874,16.279383897125374,1.4747189563653098,3.287547819017243,1.0000540352187457,0.08652182923051853,false,0.0,1.4747189563653098,0.1396640593281081,0.1396640593281081,12.033763018666276,90.58032502491916,102.61408804358544,11.727203591727992,2.9716947470881827,100.0,0.08,0.6,0.27,1.0
0.02,0.02,0.0,0.005,0.5,0.2,0.15,1.0,1.0,1.0,12.045361115058874,17.11507519331411,1.4747189563653098,3.9610433614812997,1.0000540514067175,0.10719015113134012,false,0.0,1.4747189563653098,0.1396640593281081,0.1396640593281081,12.033763018666276,90.5802931990309,102.61405621769718,11.72720722893604,2.9716585674250062,100.0,0.08,0.6,0.27,1.0
0.02,0.02,0.0,0.005,0.5,0.2,0.15,1.0,1.0,1.0,12.045361115058874,17.95076648950284,1.4747189563653098,4.548282724099113,1.000054072363408,0.12639728938929146,false,0.0,1.4747189563653098,0.1396640593281081,0.1396640593281081,12.033763018666276,90.58024470733639,102.61400772600267,11.727212770792976,2.97160344207672,100.0,0.08,0.6,0.27,1.0
0.02,0.02,0.0,0.005,0.5,0.2,0.15,1.0,1.0,1.0,12.045361115058874,18.786457785691574,1.4747189563653098,5.016843152803462,1.0000541006060892,0.14298066938022772,false,0.0,1.4747189563653098,0.1396640593281081,0.1396640593281081,12.033763018666276,90.58017221747605,102.61393523614232,11.72722105528196,2.971521035618463,100.0,0.08,0.6,0.27,1.0
0.02,0.02,0.0,0.005,0.5,0.2,0.15,1.0,1.0,1.0,12.045361115058874,18.840084632436472,1.4747189563653098,5.043349308211846,1.0000541027429557,0.14396234639501235,false,0.0,1.4747189563653098,0.1396640593281081,0.1396640593281081,12.033763018666276,90.58016654711824,102.61392956578452,11.727221703318143,2.9715145895568895,100.0,0.08,0.6,0.27,1.0
0.02,0.02,0.0,0.005,0.5,0.2,0.15,1.0,1.0,1.0,12.045361115058874,19.62214908188031,1.4747189563653098,5.379158192579412,1.0000541397414395,0.15701589611434644,false,0.0,1.4747189563653098,0.1396640593281081,0.1396640593281081,12.033763018666276,90.58006576701601,102.61382878568229,11.727233220972403,2.971400022757531,100.0,0.08,0.6,0.27,1.0
0.02,0.02,0.0,0.005,0.5,0.2,0.15,1.0,1.0,1.0,12.045361115058874,20.45784037806904,1.4747189563653098,5.6375175597986935,1.0000540450385957,0.4092980039181948,false,0.24094006467690754,1.4747189563653098,0.1396640593281081,0.1396640593281081,12.033763018666276,90.58037304226777,102.61413606093404,11.727198104090084,2.9717493332001466,100.0,0.08,0.6,0.27,1.0
0.02,0.02,0.0,0.005,0.5,0.2,0.15,1.0,1.0,1.0,12.045361115058874,21.293531674257775,1.4747189563653098,5.661452295049261,1.0000540497245556,0.9151430559326397,false,0.7423548423901476,1.4747189563653098,0.1396640593281081,0.1396640593281081,12.033763018666276,90.58037179147757,102.61413481014385,11.72719824703593,2.971747911302103,100.0,0.08,0.6,0.27,1.0
0.02,0.02,0.0,0.005,0.5,0.2,0.15,1.0,1.0,1.0,12.231150746653611,9.749156375899904,1.6528308189222596,2.6499135334849724,-0.4857422933703055,0.049720499189770506,false,0.0,1.6528308189222596,0.1565322399613213,0.1565322399613213,12.211874881223226,90.39057944585802,102.60245432708125,11.902127450376186,2.9644719300704336,100.0,0.08,0.6,0.27,1.0
0.02,0.02,0.0,0.005,0.5,0.2,0.15,1.0,1.0,1.0,12.231150746653611,10.59838445040213,1.6528308189222596,-0.8933102214002874,-0.8933102214002874,-0.5565060639941151,true,0.0,1.6528308189222596,0.1565322399613213,0.1565322399613213,12.211874881223226,90.3905786535546,102.60245353477782,11.902127542285259,2.964471027552662,100.0,0.08,0.6,0.27,1.0
0.02,0.02,0.0,0.005,0.5,0.2,0.15,1.0,1.0,1.0,12.231150746653611,11.447612524904354,1.6528308189222596,-1.7384044044548406,-1.7384044044548406,-0.6757257969388224,true,0.0,1.6528308189222596,0.1565322399613213,0.1565322399613213,12.211874881223226,90.39057745557999,102.60245233680321,11.902127681253152,2.964469662932334,100.0,0.08,0.6,0.27,1.0
0.02,0.02,0.0,0.005,0.5,0.2,0.15,1.0,1.0,1.0,12.231150746653611,12.296840599406579,1.6528308189222596,-1.406431104285127,-1.406431104285127,-0.3805071756285326,true,0.0,1.6528308189222596,0.1565322399613213,0.1565322399613213,12.211874881223226,90.39057549569267,102.6024503769159,11.90212790860473,2.9644674304124763,100.0,0.08,0.6,0.27,1.0
0.02,0.02,0.0,0.005,0.5,0.2,0.15,1.0,1.0,1.0,12.231150746653611,13.146068673908804,1.6528308189222596,-0.4829206977920524,-0.4829206977920524,-0.0491216689643885,false,0.0,1.6528308189222596,0.1565322399613213,0.1565322399613213,12.211874881223226,90.39057219347062,102.60244707469384,11.902128291670342,2.9644636688307857,100.0,0.08,0.6,0.27,1.0
0.02,0.02,0.0,0.005,0.5,0.2,0.15,1.0,1.0,1.0,12.231150746653611,13.995296748411029,1.6528308189222596,0.6044880196116249,0.6044880196116249,0.015044962895432392,false,0.0,1.6528308189222596,0.1565322399613213,0.1565322399613213,12.211874881223226,90.3905666378016,102.60244151902482,11.902128936141219,2.9644573403335928,100.0,0.08,0.6,0.27,1.0
0.02,0.02,0.0,0.005,0.5,0.2,0.15,1.0,1.0,1.0,12.231150746653611,14.844524822913254,1.6528308189222596,1.6210582940081386,1.0000574359342271,0.04072006130410554,false,0.0,1.6528308189222596,0.1565322399613213,0.1565322399613213,12.211874881223226,90.39055742529503,102.60243230651825,11.90213000481414,2.964446846309987,100.0,0.08,0.6,0.27,1.0
0.02,0.02,0.0,0.005,0.5,0.2,0.15,1.0,1.0,1.0,12.231150746653611,15.693752897415479,1.6528308189222596,2.5072709117661707,1.000057447303195,0.0647361570984008,false,0.0,1.6528308189222596,0.1565322399613213,0.1565322399613213,12.211874881223226,90.39054246255715,102.60241734378037,11.902131740528132,2.964429802162094,100.0,0.08,0.6,0.27,1.0
0.02,0.02,0.0,0.005,0.5,0.2,0.15,1.0,1.0,1.0,12.231150746653611,16.542980971917704,1.6528308189222596,3.2796354518808974,1.0000574609710124,0.08713097902211703,false,0.0,1.6528308189222596,0.1565322399613213,0.1565322399613213,12.211874881223226,90.39051869154014,102.60239357276336,11.902134498024973,2.9644027244486004,100.0,0.08,0.6,0.27,1.0
0.02,0.02,0.0,0.005,0.5,0.2,0.15,1.0,1.0,1.0,12.231150746653611,17.39220904641993,1.6528308189222596,3.952369949693973,1.0000574786059737,0.10795451520708331,false,0.0,1.6528308189222596,0.1565322399613213,0.1565322399613213,12.211874881223226,90.3904817319966,102.60235661321983,11.902138785426088,2.964360623602391,100.0,0.08,0.6,0.27,1.0
0.02,0.02,0.0,0.005,0.5,0.2,0.15,1.0,1.0,1.0,12.231150746653611,18.241437120922154,1.6528308189222596,4.538953912286284,1.000057502282917,0.1272996503896364,false,0.0,1.6528308189222596,0.1565322399613213,0.1565322399613213,12.211874881223226,90.3904254129355,102.60230029415872,11.902145318586452,2.9642964702091934,100.0,0.08,0.6,0.27,1.0
0.02,0.02,0.0,0.005,0.5,0.2,0.15,1.0,1.0,1.0,12.231150746653611,19.09066519542438,1.6528308189222596,5.006134734347026,1.0000575342844653,0.14397028980566853,false,0.0,1.6528308189222596,0.1565322399613213,0.1565322399613213,12.211874881223226,90.39034118786893,102.60221606909215,11.9021550889308,2.9642005289113538,100.0,0.08,0.6,0.27,1.0
0.02,0.02,0.0,0.005,0.5,0.2,0.15,1.0,1.0,1.0,12.231150746653611,19.939893269926603,1.6528308189222596,5.372059053765354,1.0000575786811277,0.15821093441298179,false,0.0,1.6528308189222596,0.1565322399613213,0.1565322399613213,12.211874881223226,90.3902174681871,102.60209234941033,11.90216944079056,2.964059599051372,100.0,0.08,0.6,0.27,1.0
0.02,0.02,0.0,0.005,0.5,0.2,0.15,1.0,1.0,1.0,12.231150746653611,20.78912134442883,1.6528308189222596,5.615748970809409,1.000057468096517,0.4307829861434418,false,0.2615960249568996,1.6528308189222596,0.1565322399613213,0.1565322399613213,12.211874881223226,90.39057458198816,102.60244946321139,11.902128014596624,2.964466389605991,100.0,0.08,0.6,0.27,1.0
0.02,0.02,0.0,0.005,0.5,0.2,0.15,1.0,1.0,1.0,12.231150746653611,21.062550041863283,1.6528308189222596,5.62482077748031,1.000057469781831,0.5963186733399577,false,0.4256532434175728,1.6528308189222596,0.1565322399613213,0.1565322399613213,12.211874881223226,90.3905741684042,102.60244904962742,11.902128062573347,2.9644659184899114,100.0,0.08,0.6,0.27,1.0
0.02,0.02,0.0,0.005,0.5,0.2,0.15,1.0,1.0,1.0,12.231150746653611,21.638349418931053,1.6528308189222596,5.640170996461405,1.0000574726608578,0.944766132413931,false,0.7711328696582349,1.6528308189222596,0.1565322399613213,0.1565322399613213,12.211874881223226,90.39057312759228,102.6024480088155,11.902128183310007,2.9644647328945783,100.0,0.08,0.6,0.27,1.0
0.02,0.02,0.0,0.005,0.5,0.2,0.15,1.0,1.0,1.0,12.41694037824835,9.904456162655677,1.8309426814792165,2.557760170166569,-0.49335856581223453,0.04848215988098225,false,0.0,1.8309426814792165,0.17340042059453514,0.17340042059453514,12.389986743780183,90.20075528006339,102.59074202384357,12.077100232787643,2.957130044332734,100.0,0.08,0.6,0.27,1.0
0.02,0.02,0.0,0.005,0.5,0.2,0.15,1.0,1.0,1.0,12.41694037824835,10.767207269815197,1.8309426814792165,-0.9408096575333343,-0.9408096575333343,-0.5974077481201276,true,0.0,1.8309426814792165,0.17340042059453514,0.17340042059453514,12.389986743780183,90.20075441926558,102.59074116304576,12.077100334121752,2.9571290617991464,100.0,0.08,0.6,0.27,1.0
0.02,0.02,0.0,0.005,0.5,0.2,0.15,1.0,1.0,1.0,12.41694037824835,11.629958376974715,1.8309426814792165,-1.7614893204212871,-1.7614893204212871,-0.701219997075065,true,0.0,1.8309426814792165,0.17340042059453514,0.17340042059453514,12.389986743780183,90.20075308239085,102.59073982617103,12.07710049150019,2.9571275358608595,100.0,0.08,0.6,0.27,1.0
0.02,0.02,0.0,0.005,0.5,0.2,0.15,1.0,1.0,1.0,12.41694037824835,12.492709484134235,1.8309426814792165,-1.413294618986863,-1.413294618986863,-0.39090890339644335,true,0.0,1.8309426814792165,0.17340042059453514,0.17340042059453514,12.389986743780183,90.2007508568264,102.59073760060659,12.077100753496214,2.9571249955525625,100.0,0.08,0.6,0.27,1.0
0.02,0.02,0.0,0.005,0.5,0.2,0.15,1.0,1.0,1.0,12.41694037824835,13.355460591293754,1.8309426814792165,-0.4844242518308434,-0.4844242518308434,-0.05037841153582988,true,0.0,1.8309426814792165,0.17340042059453514,0.17340042059453514,12.389986743780183,90.20074707301102,102.5907338167912,12.077101198931373,2.9571206766222824,100.0,0.08,0.6,0.27,1.0
0.02,0.02,0.0,0.005,0.5,0.2,0.15,1.0,1.0,1.0,12.41694037824835,14.218211698453274,1.8309426814792165,0.6014566959114287,0.6014566959114287,0.015112024800400295,false,0.0,1.8309426814792165,0.17340042059453514,0.17340042059453514,12.389986743780183,90.20074066914226,102.59072741292245,12.07710195280234,2.9571133671053573,100.0,0.08,0.6,0.27,1.0
0.02,0.02,0.0,0.005,0.5,0.2,0.15,1.0,1.0,1.0,12.41694037824835,15.080962805612792,1.8309426814792165,1.6156488173682482,1.0000610203919236,0.04096970280219874,false,0.0,1.8309426814792165,0.17340042059453514,0.17340042059453514,12.389986743780183,90.20073002575592,102.5907167695361,12.077103205754518,2.9571012185096057,100.0,0.08,0.6,0.27,1.0
0.02,0.02,0.0,0.005,0.5,0.2,0.15,1.0,1.0,1.0,12.41694037824835,15.943713912772312,1.8309426814792165,2.5005025682830766,1.0000610327393917,0.06516795411876947,false,0.0,1.8309426814792165,0.17340042059453514,0.17340042059453514,12.389986743780183,90.20071271785318,102.59069946163336,12.077105243262096,2.957081462887956,100.0,0.08,0.6,0.27,1.0
0.02,0.02,0.0,0.005,0.5,0.2,0.15,1.0,1.0,1.0,12.41694037824835,16.731905323654143,1.8309426814792165,3.2093215163537505,1.0000610462418278,0.08584427744355223,false,0.0,1.8309426814792165,0.17340042059453514,0.17340042059453514,12.389986743780183,90.20068808690861,102.5906748306888,12.077108142848344,2.9570533485849815,100.0,0.08,0.6,0.27,1.0
0.02,0.02,0.0,0.005,0.5,0.2,0.15,1.0,1.0,1.0,12.41694037824835,16.80646501993183,1.8309426814792165,3.271877279905495,1.0000610477574512,0.08773088185273509,false,0.0,1.8309426814792165,0.17340042059453514,0.17340042059453514,12.389986743780183,90.2006851923522,102.59067193613238,12.077108483599313,2.957050044674503,100.0,0.08,0.6,0.27,1.0
0.02,0.02,0.0,0.005,0.5,0.2,0.15,1.0,1.0,1.0,12.41694037824835,17.66921612709135,1.8309426814792165,3.9438766991789076,1.0000610670570265,0.10870749164178348,false,0.0,1.8309426814792165,0.17340042059453514,0.17340042059453514,12.389986743780183,90.20064237323312,102.59062911701331,12.077113524324286,2.9570011699882714,100.0,0.08,0.6,0.27,1.0
0.02,0.02,0.0,0.005,0.5,0.2,0.15,1.0,1.0,1.0,12.41694037824835,18.53196723425087,1.8309426814792165,4.529792704389001,1.00006109338522,0.12818755126734227,false,0.0,1.8309426814792165,0.17340042059453514,0.17340042059453514,12.389986743780183,90.20057711460828,102.59056385838846,12.077121206666511,2.9569266823556317,100.0,0.08,0.6,0.27,1.0
0.02,0.02,0.0,0.005,0.5,0.2,0.15,1.0,1.0,1.0,12.41694037824835,19.39471834141039,1.8309426814792165,4.995665298933695,1.0000611300301523,0.14494464611248553,false,0.0,1.8309426814792165,0.17340042059453514,0.17340042059453514,12.389986743780183,90.2004795222542,102.59046626603438,12.077132695401595,2.956815288291814,100.0,0.08,0.6,0.27,1.0
0.02,0.02,0.0,0.005,0.5,0.2,0.15,1.0,1.0,1.0,12.41694037824835,20.257469448569907,1.8309426814792165,5.365502585829772,1.0000611804813548,0.1593997192001123,false,0.0,1.8309426814792165,0.17340042059453514,0.17340042059453514,12.389986743780183,90.20033616472682,102.590322908507,12.07714957172903,2.9566516568505508,100.0,0.08,0.6,0.27,1.0
0.02,0.02,0.0,0.005,0.5,0.2,0.15,1.0,1.0,1.0,12.41694037824835,21.12022055572943,1.8309426814792165,5.594656773057294,1.0000610517925952,0.45214760952851407,false,0.282142932201376,1.8309426814792165,0.17340042059453514,0.17340042059453514,12.389986743780183,90.20075005948154,102.59073680326172,12.07710084736058,2.9571240854455505,100.0,0.08,0.6,0.27,1.0
0.02,0.02,0.0,0.005,0.5,0.2,0.15,1.0,1.0,1.0,12.41694037824835,21.982971662888946,1.8309426814792165,5.619552796564432,1.0000610563301833,0.9742598949298803,false,0.7997935964970857,1.8309426814792165,0.17340042059453514,0.17340042059453514,12.389986743780183,90.2007483684935,102.59073511227369,12.07710104642566,2.95712215531454,100.0,0.08,0.6,0.27,1.0
0.02,0.02,0.0,0.005,0.5,0.2,0.15,1.0,1.0,1.0,12.60273000984309,10.059683001469885,2.0090545440361467,2.468912010596227,-0.5011414482824267,0.04726680692562854,false,0.0,2.0090545440361467,0.19026860122774647,0.19026860122774647,12.568098606337113,90.01090428450668,102.5790028908438,12.252116175969324,2.949727559088311,100.0,0.08,0.6,0.27,1.0
0.02,0.02,0.0,0.005,0.5,0.2,0.15,1.0,1.0,1.0,12.60273000984309,10.935975265665096,2.0090545440361467,-0.9867353936616091,-0.9867353936616091,-0.6383433655373855,true,0.0,2.0090545440361467,0.19026860122774647,0.19026860122774647,12.568098606337113,90.01090334538878,102.5790019517259,12.2521162881383,2.9497264849747795,100.0,0.08,0.6,0.27,1.0
0.02,0.02,0.0,0.005,0.5,0.2,0.15,1.0,1.0,1.0,12.60273000984309,11.812267529860309,2.0090545440361467,-1.7838624717320761,-1.7838624717320761,-0.726700825140978,true,0.0,2.0090545440361467,0.19026860122774647,0.19026860122774647,12.568098606337113,90.01090185007283,102.57900045640994,12.252116466740011,2.9497247747112043,100.0,0.08,0.6,0.27,1.0
0.02,0.02,0.0,0.005,0.5,0.2,0.15,1.0,1.0,1.0,12.60273000984309,12.68855979405552,2.0090545440361467,-1.419963036214017,-1.419963036214017,-0.40134398150697415,true,0.0,2.0090545440361467,0.19026860122774647,0.19026860122774647,12.568098606337113,90.01089932204755,102.57899792838467,12.252116768689344,2.949721883289147,100.0,0.08,0.6,0.27,1.0
0.02,0.02,0.0,0.005,0.5,0.2,0.15,1.0,1.0,1.0,12.60273000984309,13.56485205825073,2.0090545440361467,-0.4858818823838952,-0.4858818823838952,-0.05165179744121578,true,0.0,2.0090545440361467,0.19026860122774647,0.19026860122774647,12.568098606337113,90.01089498657963,102.57899359291675,12.252117286521088,2.94971692460948,100.0,0.08,0.6,0.27,1.0
0.02,0.02,0.0,0.005,0.5,0.2,0.15,1.0,1.0,1.0,12.60273000984309,14.441144322445941,2.0090545440361467,0.5985406917478204,0.5985406917478204,0.015179108813310829,false,0.0,2.0090545440361467,0.19026860122774647,0.19026860122774647,12.568098606337113,90.01088762182339,102.5789862281605,12.252118166173547,2.9497085011895186,100.0,0.08,0.6,0.27,1.0
0.02,0.02,0.0,0.005,0.5,0.2,0.15,1.0,1.0,1.0,12.60273000984309,14.484582564364517,2.0090545440361467,0.6514739424676358,0.6514739424676358,0.01649644063781502,false,0.0,2.0090545440361467,0.19026860122774647,0.19026860122774647,12.568098606337113,90.01088714601792,102.57898575235504,12.25211822300414,2.949707956988301,100.0,0.08,0.6,0.27,1.0
0.02,0.02,0.0,0.005,0.5,0.2,0.15,1.0,1.0,1.0,12.60273000984309,15.317436586641154,2.0090545440361467,1.6104456133774376,1.0000647706725319,0.04121808791445589,false,0.0,2.0090545440361467,0.19026860122774647,0.19026860122774647,12.568098606337113,90.01087534521265,102.57897395154977,12.252119632502167,2.9496944598492947,100.0,0.08,0.6,0.27,1.0
0.02,0.02,0.0,0.005,0.5,0.2,0.15,1.0,1.0,1.0,12.60273000984309,16.193728850836365,2.0090545440361467,2.4939944488121197,1.0000647837053092,0.06559692843476392,false,0.0,2.0090545440361467,0.19026860122774647,0.19026860122774647,12.568098606337113,90.0108553564788,102.57895396281592,12.252122019973953,2.949671597789183,100.0,0.08,0.6,0.27,1.0
0.02,0.02,0.0,0.005,0.5,0.2,0.15,1.0,1.0,1.0,12.60273000984309,17.070021115031576,2.0090545440361467,3.2644183851409077,1.000064800189028,0.08832631952000397,false,0.0,2.0090545440361467,0.19026860122774647,0.19026860122774647,12.568098606337113,90.01082355756051,102.57892216389763,12.252125818066375,2.949635227862668,100.0,0.08,0.6,0.27,1.0
0.02,0.02,0.0,0.005,0.5,0.2,0.15,1.0,1.0,1.0,12.60273000984309,17.946313379226787,2.0090545440361467,3.935710747524055,1.000064821898484,0.10945430683193312,false,0.0,2.0090545440361467,0.19026860122774647,0.19026860122774647,12.568098606337113,90.01077405989695,102.57887266623406,12.252131730118107,2.949578615044257,100.0,0.08,0.6,0.27,1.0
0.02,0.02,0.0,0.005,0.5,0.2,0.15,1.0,1.0,1.0,12.60273000984309,18.822605643421998,2.0090545440361467,4.520952554575521,1.0000648512601797,0.12906675824535505,false,0.0,2.0090545440361467,0.19026860122774647,0.19026860122774647,12.568098606337113,90.01069860112236,102.57879720745947,12.252140743002558,2.9494923092755476,100.0,0.08,0.6,0.27,1.0
0.02,0.02,0.0,0.005,0.5,0.2,0.15,1.0,1.0,1.0,12.60273000984309,19.698897907617212,2.0090545440361467,4.985520225671658,1.0000648925549667,0.1459079245220846,false,0.0,2.0090545440361467,0.19026860122774647,0.19026860122774647,12.568098606337113,90.01058574006916,102.57868434640628,12.252154223283739,2.949363224752166,100.0,0.08,0.6,0.27,1.0
0.02,0.02,0.0,0.005,0.5,0.2,0.15,1.0,1.0,1.0,12.60273000984309,20.575190171812423,2.0090545440361467,5.3595558337185905,1.0000649505341583,0.16058636143537153,false,0.0,2.0090545440361467,0.19026860122774647,0.19026860122774647,12.568098606337113,90.01041996062457,102.57851856696169,12.252174024264983,2.9491736149622305,100.0,0.08,0.6,0.27,1.0
0.02,0.02,0.0,0.005,0.5,0.2,0.15,1.0,1.0,1.0,12.60273000984309,21.451482436007634,2.0090545440361467,5.574221551269258,1.0000648005879083,0.4736005003160629,false,0.30278744083241627,2.0090545440361467,0.19026860122774647,0.19026860122774647,12.568098606337113,90.0108986461017,102.57899725243881,12.252116849424853,2.9497211101779053,100.0,0.08,0.6,0.27,1.0
0.02,0.02,0.0,0.005,0.5,0.2,0.15,1.0,1.0,1.0,12.60273000984309,22.327774700202845,2.0090545440361467,5.599575321954081,1.000064805417333,1.0038520876433499,false,0.8285627993495428,2.0090545440361467,0.19026860122774647,0.19026860122774647,12.568098606337113,90.0108966805429,102.57899528688002,12.252117084192761,2.949718862075379,100.0,0.08,0.6,0.27,1.0
0.02,0.02,0.0,0.005,0.5,0.2,0.15,1.0,1.0,1.0,12.788519641437826,10.215058240020964,2.1871664065931657,2.3818283027301423,-0.5090666290330226,0.04604767770930406,false,0.0,2.1871664065931657,0.2071367818609662,0.2071367818609662,12.746210468894132,89.82102562464456,102.5672360935387,12.427175533198453,2.9422631467753924,100.0,0.08,0.6,0.27,1.0
0.02,0.02,0.0,0.005,0.5,0.2,0.15,1.0,1.0,1.0,12.788519641437826,11.104880641060394,2.1871664065931657,-1.0315442621812483,-1.0315442621812483,-0.6793293748735363,true,0.0,2.1871664065931657,0.2071367818609662,0.2071367818609662,12.746210468894132,89.82102459615791,102.56723506505205,12.42717565781119,2.9422619680453233,100.0,0.08,0.6,0.27,1.0
0.02,0.02,0.0,0.005,0.5,0.2,0.15,1.0,1.0,1.0,12.788519641437826,11.994703042099824,2.1871664065931657,-1.8055665158661638,-1.8055665158661638,-0.7522539354592535,true,0.0,2.1871664065931657,0.2071367818609662,0.2071367818609662,12.746210468894132,89.8210229203927,102.56723338928684,12.42717586084902,2.942260047480949,100.0,0.08,0.6,0.27,1.0
0.02,0.02,0.0,0.005,0.5,0.2,0.15,1.0,1.0,1.0,12.788519641437826,12.884525443139253,2.1871664065931657,-1.4263356119417703,-1.4263356119417703,-0.41182844668420054,true,0.0,2.1871664065931657,0.2071367818609662,0.2071367818609662,12.746210468894132,89.82102004865234,102.56723051754648,12.42717620879273,2.942256756230921,100.0,0.08,0.6,0.27,1.0
0.02,0.02,0.0,0.005,0.5,0.2,0.15,1.0,1.0,1.0,12.788519641437826,13.774347844178683,2.1871664065931657,-0.4871702160059524,-0.4871702160059524,-0.052986041440076986,true,0.0,2.1871664065931657,0.2071367818609662,0.2071367818609662,12.746210468894132,89.82101508652414,102.56722555541828,12.427176810010527,2.942251069224988,100.0,0.08,0.6,0.27,1.0
0.02,0.02,0.0,0.005,0.5,0.2,0.15,1.0,1.0,1.0,12.788519641437826,14.664170245218113,2.1871664065931657,0.5958259237752419,0.5958259237752419,0.015248491727995202,false,0.0,2.1871664065931657,0.2071367818609662,0.2071367818609662,12.746210468894132,89.82100662319768,102.56721709209181,12.427177835438119,2.942241369558629,100.0,0.08,0.6,0.27,1.0
0.02,0.02,0.0,0.005,0.5,0.2,0.15,1.0,1.0,1.0,12.788519641437826,14.888416630967916,2.1871664065931657,0.8617962143421498,0.8617962143421498,0.02197735694719667,false,0.0,2.1871664065931657,0.2071367818609662,0.2071367818609662,12.746210468894132,89.82100370433396,102.5672141732281,12.427178189091466,2.94223802430138,100.0,0.08,0.6,0.27,1.0
0.02,0.02,0.0,0.005,0.5,0.2,0.15,1.0,1.0,1.0,12.788519641437826,15.553992646257543,2.1871664065931657,1.605487588192802,1.000068691934119,0.04146652026687862,false,0.0,2.1871664065931657,0.2071367818609662,0.2071367818609662,12.746210468894132,89.82099249692584,102.56720296581997,12.42717954699588,2.9422251796923593,100.0,0.08,0.6,0.27,1.0
0.02,0.02,0.0,0.005,0.5,0.2,0.15,1.0,1.0,1.0,12.788519641437826,16.443815047296972,2.1871664065931657,2.48775081678666,1.0000687057622788,0.06602356329364409,false,0.0,2.1871664065931657,0.2071367818609662,0.2071367818609662,12.746210468894132,89.82096945932324,102.56717992821737,12.427182338263263,2.94219877671007,100.0,0.08,0.6,0.27,1.0
0.02,0.02,0.0,0.005,0.5,0.2,0.15,1.0,1.0,1.0,12.788519641437826,17.3336374483364,2.1871664065931657,3.2572353847563935,1.0000687236200063,0.08891703020054496,false,0.0,2.1871664065931657,0.2071367818609662,0.2071367818609662,12.746210468894132,89.820932797835,102.56714326672913,12.427186780221815,2.9421567596372933,100.0,0.08,0.6,0.27,1.0
0.02,0.02,0.0,0.005,0.5,0.2,0.15,1.0,1.0,1.0,12.788519641437826,18.223459849375832,2.1871664065931657,3.927828109814434,1.0000687477957952,0.1101940657431127,false,0.0,2.1871664065931657,0.2071367818609662,0.2071367818609662,12.746210468894132,89.82087570633703,102.56708617523117,12.427193697516,2.9420913280975736,100.0,0.08,0.6,0.27,1.0
0.02,0.02,0.0,0.005,0.5,0.2,0.15,1.0,1.0,1.0,12.788519641437826,19.11328225041526,2.1871664065931657,4.512381534758137,1.0000687811686255,0.12993602916705746,false,0.0,2.1871664065931657,0.2071367818609662,0.2071367818609662,12.746210468894132,89.82078865444763,102.56699912334176,12.427204244872367,2.9419915594916635,100.0,0.08,0.6,0.27,1.0
0.02,0.02,0.0,0.005,0.5,0.2,0.15,1.0,1.0,1.0,12.788519641437826,20.00310465145469,2.1871664065931657,4.975672752017428,1.0000688277459,0.1468595041657069,false,0.0,2.1871664065931657,0.2071367818609662,0.2071367818609662,12.746210468894132,89.8206584535732,102.56686892246734,12.427220020267253,2.941842338609546,100.0,0.08,0.6,0.27,1.0
0.02,0.02,0.0,0.005,0.5,0.2,0.15,1.0,1.0,1.0,12.788519641437826,20.89292705249412,2.1871664065931657,5.354079561850649,1.000068893955857,0.16176688928256933,false,0.0,2.1871664065931657,0.2071367818609662,0.2071367818609662,12.746210468894132,89.82046724305253,102.56667771194667,12.427243187783873,2.9416231956683747,100.0,0.08,0.6,0.27,1.0
0.02,0.02,0.0,0.005,0.5,0.2,0.15,1.0,1.0,1.0,12.788519641437826,21.78274945353355,2.1871664065931657,5.554408009117654,1.000068720268874,0.49504636207261277,false,0.3234350318120853,2.1871664065931657,0.2071367818609662,0.2071367818609662,12.746210468894132,89.8210194991486,102.56722996804274,12.427176275371304,2.942256126454579,100.0,0.08,0.6,0.27,1.0
0.02,0.02,0.0,0.005,0.5,0.2,0.15,1.0,1.0,1.0,12.788519641437826,22.67257185457298,2.1871664065931657,5.5802053023096585,1.0000687250220934,1.033429872770352,false,0.8573284724357428,2.1871664065931657,0.2071367818609662,0.2071367818609662,12.746210468894132,89.82101721584831,102.56722768474245,12.427176552018881,2.9422535096051528,100.0,0.08,0.6,0.27,1.0
0.02,0.02,0.0,0.005,0.5,0.2,0.15,1.0,1.0,1.0,12.974309273032565,10.37040081188769,2.3652782691500374,2.2975554209962925,-0.5171923379927137,0.03227557762410944,false,0.0,2.3652782691500374,0.22400496249417198,0.22400496249417198,12.924322331451004,89.63111845237175,102.55544078382276,12.602278565302313,2.9347354533948877,100.0,0.08,0.6,0.27,1.0
0.02,0.02,0.0,0.005,0.5,0.2,0.15,1.0,1.0,1.0,12.974309273032565,11.273741721786855,2.3652782691500374,-1.0749242573049311,-1.0749242573049311,-0.7203784032846888,true,0.0,2.3652782691500374,0.22400496249417198,0.22400496249417198,12.924322331451004,89.631117322236,102.555439653687,12.602278704176328,2.934734155517238,100.0,0.08,0.6,0.27,1.0
0.02,0.02,0.0,0.005,0.5,0.2,0.15,1.0,1.0,1.0,12.974309273032565,12.17708263168602,2.3652782691500374,-1.826617962854999,-1.826617962854999,-0.7777442395484417,true,0.0,2.3652782691500374,0.22400496249417198,0.22400496249417198,12.924322331451004,89.63111544132514,102.55543777277614,12.602278935307542,2.934731995429707,100.0,0.08,0.6,0.27,1.0
0.02,0.02,0.0,0.005,0.5,0.2,0.15,1.0,1.0,1.0,12.974309273032565,13.080423541585185,2.3652782691500374,-1.432572335307608,-1.432572335307608,-0.42228566429627296,true,0.0,2.3652782691500374,0.22400496249417198,0.22400496249417198,12.924322331451004,89.63111217866054,102.55543451011155,12.602279336232266,2.934728248499807,100.0,0.08,0.6,0.27,1.0
0.02,0.02,0.0,0.005,0.5,0.2,0.15,1.0,1.0,1.0,12.974309273032565,13.983764451484351,2.3652782691500374,-0.4885127823147971,-0.4885127823147971,-0.05432985339519091,true,0.0,2.3652782691500374,0.22400496249417198,0.22400496249417198,12.924322331451004,89.63110650682138,102.55542883827239,12.602280033202698,2.9347217348104415,100.0,0.08,0.6,0.27,1.0
0.02,0.02,0.0,0.005,0.5,0.2,0.15,1.0,1.0,1.0,12.974309273032565,14.887105361383515,2.3652782691500374,0.5930858794458159,0.5930858794458159,0.015314621620878956,false,0.0,2.3652782691500374,0.22400496249417198,0.22400496249417198,12.924322331451004,89.6310968018899,102.5554191333409,12.602281225770243,2.9347105894117043,100.0,0.08,0.6,0.27,1.0
0.02,0.02,0.0,0.005,0.5,0.2,0.15,1.0,1.0,1.0,12.974309273032565,15.790446271282681,2.3652782691500374,1.6005712670080219,1.0000727892824686,0.04170975170274981,false,0.0,2.3652782691500374,0.22400496249417198,0.22400496249417198,12.924322331451004,89.63108056699072,102.55540289844173,12.60228322075792,2.9346919448261843,100.0,0.08,0.6,0.27,1.0
0.02,0.02,0.0,0.005,0.5,0.2,0.15,1.0,1.0,1.0,12.974309273032565,16.693787181181847,2.3652782691500374,2.4815906829463006,1.0000728041673574,0.06644295665150209,false,0.0,2.3652782691500374,0.22400496249417198,0.22400496249417198,12.924322331451004,89.63105408108795,102.55537641253896,12.602286475417596,2.934661527718374,100.0,0.08,0.6,0.27,1.0
0.02,0.02,0.0,0.005,0.5,0.2,0.15,1.0,1.0,1.0,12.974309273032565,17.59712809108101,2.3652782691500374,3.250167721850647,1.0000728236006784,0.08949846543814055,false,0.0,2.3652782691500374,0.22400496249417198,0.22400496249417198,12.924322331451004,89.63101189412119,102.5553342255722,12.602291659470133,2.934613079095416,100.0,0.08,0.6,0.27,1.0
0.02,0.02,0.0,0.005,0.5,0.2,0.15,1.0,1.0,1.0,12.974309273032565,18.500469000980175,2.3652782691500374,3.920086721289727,1.0000728503306986,0.11092257563530947,false,0.0,2.3652782691500374,0.22400496249417198,0.22400496249417198,12.924322331451004,89.6309461995296,102.55526853098061,12.602299732213886,2.9345376336973983,100.0,0.08,0.6,0.27,1.0
0.02,0.02,0.0,0.005,0.5,0.2,0.15,1.0,1.0,1.0,12.974309273032565,19.386754663947976,2.3652782691500374,4.493987078672749,1.000072887184626,0.13043983552790506,false,0.0,2.3652782691500374,0.22400496249417198,0.22400496249417198,12.924322331451004,89.6308483057686,102.5551706372196,12.602311761705042,2.934425209925773,100.0,0.08,0.6,0.27,1.0
0.02,0.02,0.0,0.005,0.5,0.2,0.15,1.0,1.0,1.0,12.974309273032565,19.403809910879342,2.3652782691500374,4.503959736774199,1.0000728880034533,0.13079167021710264,false,0.0,2.3652782691500374,0.22400496249417198,0.22400496249417198,12.924322331451004,89.63084601338805,102.55516834483906,12.602312043400202,2.9344225772956145,100.0,0.08,0.6,0.27,1.0
0.02,0.02,0.0,0.005,0.5,0.2,0.15,1.0,1.0,1.0,12.974309273032565,20.307150820778507,2.3652782691500374,4.966038467711291,1.000072941025945,0.14779668301971138,false,0.0,2.3652782691500374,0.22400496249417198,0.22400496249417198,12.924322331451004,89.63069616554552,102.55501849699652,12.602330457216496,2.934250488089374,100.0,0.08,0.6,0.27,1.0
0.02,0.02,0.0,0.005,0.5,0.2,0.15,1.0,1.0,1.0,12.974309273032565,21.21049173067767,2.3652782691500374,5.348987512066485,1.0000730161638738,0.16293857398560535,false,0.0,2.3652782691500374,0.22400496249417198,0.22400496249417198,12.924322331451004,89.63047601984148,102.55479835129249,12.602357509572462,2.9339976669687795,100.0,0.08,0.6,0.27,1.0
0.02,0.02,0.0,0.005,0.5,0.2,0.15,1.0,1.0,1.0,12.974309273032565,22.113832640576838,2.3652782691500374,5.535181548639899,1.0000728160713306,0.5163709124624462,false,0.3439723245021735,2.3652782691500374,0.22400496249417198,0.22400496249417198,12.924322331451004,89.63111176108839,102.5554340925394,12.602279387544623,2.9347277689489637,100.0,0.08,0.6,0.27,1.0
0.02,0.02,0.0,0.005,0.5,0.2,0.15,1.0,1.0,1.0,12.974309273032565,23.017173550476002,2.3652782691500374,5.561411012635127,1.000072820759722,1.0628787035537122,false,0.885976870441672,2.3652782691500374,0.22400496249417198,0.22400496249417198,12.924322331451004,89.63110911114515,102.55543144259616,12.602279713176573,2.9347247256844122,100.0,0.08,0.6,0.27,1.0
