c,p,vb,debt,debt_diff,abs_debt_diff,debt_per_diff,abs_debt_per_diff,count,time
10.0,4.25,74.80861424654113,223.72004380501556,193.97004380501556,193.97004380501556,6.520001472437498,6.520001472437498,1,68749427
10.0,4.25,75.70830659487893,223.73426296801267,193.98426296801267,193.98426296801267,6.520479427496224,6.520479427496224,1,68749427
10.0,4.25,76.60799894321676,223.68684101297407,193.93684101297407,193.93684101297407,6.5188854122008095,6.5188854122008095,1,68749427
10.0,4.25,77.50769129155458,223.52539263826958,193.77539263826958,193.77539263826958,6.513458576076288,6.513458576076288,1,68749427
10.0,4.25,78.40738363989239,223.24015314845684,193.49015314845684,193.49015314845684,6.5038706940657764,6.5038706940657764,1,68749427
10.0,4.25,79.30707598823021,222.84417912235693,193.09417912235693,193.09417912235693,6.4905606427683,6.4905606427683,1,68749427
10.0,4.25,80.20676833656803,222.3375029733671,192.5875029733671,192.5875029733671,6.473529511709819,6.473529511709819,1,68749427
10.0,4.25,81.10646068490584,221.66675551733368,191.91675551733368,191.91675551733368,6.4509833787339055,6.4509833787339055,1,68749427
10.0,4.25,82.00615303324366,220.73826563264194,190.98826563264194,190.98826563264194,6.419773634710653,6.419773634710653,1,68749427
10.0,4.25,82.90584538158149,219.43166171856535,189.68166171856535,189.68166171856535,6.375854175413961,6.375854175413961,1,68749427
10.0,4.25,83.8055377299193,217.67847903263544,187.92847903263544,187.92847903263544,6.316923664962536,6.316923664962536,1,68749427
10.0,4.25,84.7052300782571,215.46598930437617,185.71598930437617,185.71598930437617,6.242554262331972,6.242554262331972,1,68749427
10.0,4.25,85.60492242659492,212.75961330347528,183.00961330347528,183.00961330347528,6.151583640452951,6.151583640452951,1,68749427
10.0,4.25,86.50461477493275,209.46935368755683,179.71935368755683,179.71935368755683,6.040986678573339,6.040986678573339,1,68749427
10.0,4.25,87.40430712327057,205.41962614864127,175.66962614864127,175.66962614864127,5.904861383147606,5.904861383147606,1,68749427
10.0,4.25,88.30399947160839,200.40097607021738,170.65097607021738,170.65097607021738,5.73616726286445,5.73616726286445,1,68749427
10.0,4.25,89.2036918199462,194.31082010891606,164.56082010891606,164.56082010891606,5.531456138114826,5.531456138114826,1,68749427
10.0,4.25,90.10338416828401,187.22710842616445,157.47710842616445,157.47710842616445,5.293348182392083,5.293348182392083,1,68749427
10.0,4.25,91.00307651662183,179.2847677689695,149.5347677689695,149.5347677689695,5.026378748536789,5.026378748536789,1,68749427
10.0,4.25,91.90276886495965,170.56897439293422,140.81897439293422,140.81897439293422,4.733410903964176,4.733410903964176,1,68749427
10.0,4.25,92.80246121329746,160.99531747241207,131.24531747241207,131.24531747241207,4.411607309997044,4.411607309997044,1,68749427
10.0,4.25,93.70215356163527,128.8189689035121,99.06896890351209,99.06896890351209,3.3300493749079694,3.3300493749079694,1,68749427
10.0,4.25,94.6018459099731,120.8345865056251,91.0845865056251,91.0845865056251,3.0616667732983225,3.0616667732983225,1,68749427
10.0,4.25,95.50153825831092,112.29350938485133,82.54350938485133,82.54350938485133,2.7745717440286164,2.7745717440286164,1,68749427
10.0,4.25,96.40123060664874,103.16200951244642,73.41200951244642,73.41200951244642,2.4676305718469385,2.4676305718469385,1,68749427
10.0,4.25,97.30092295498656,93.4046999604586,63.6546999604586,63.6546999604586,2.1396537801834823,2.1396537801834823,1,68749427
10.0,4.25,98.20061530332437,82.98456960794964,53.23456960794964,53.23456960794964,1.7893972977462063,1.7893972977462063,1,68749427
10.0,4.25,99.10030765166218,71.86303433569624,42.11303433569624,42.11303433569624,1.4155641793511342,1.4155641793511342,1,68749427
10.0,4.25,100.0,60.00000238418582,30.25000238418582,30.25000238418582,1.0168068028297754,1.0168068028297754,1,68749427
10.0,4.56511440617746,75.83644369908124,226.5076361393817,194.55183529613947,194.55183529613947,6.088153955224123,6.088153955224123,1,70135708
10.0,4.56511440617746,76.69942785268549,226.47304409811974,194.5172432548775,194.5172432548775,6.087071458764978,6.087071458764978,1,70135708
10.0,4.56511440617746,77.56241200628972,226.39329076854688,194.43748992530465,194.43748992530465,6.084575720042481,6.084575720042481,1,70135708
10.0,4.56511440617746,78.42539615989396,226.23573504971338,194.27993420647115,194.27993420647115,6.079645293807621,6.079645293807621,1,70135708
10.0,4.56511440617746,79.28838031349821,225.99514913075765,194.03934828751542,194.03934828751542,6.072116585009618,6.072116585009618,1,70135708
10.0,4.56511440617746,80.15136446710245,225.6645086554795,193.70870781223726,193.70870781223726,6.061769778903894,6.061769778903894,1,70135708
10.0,4.56511440617746,81.0143486207067,225.22353417223556,193.26773332899333,193.26773332899333,6.047970266089081,6.047970266089081,1,70135708
10.0,4.56511440617746,81.87733277431093,224.62386517079273,192.6680643275505,192.6680643275505,6.029204690336983,6.029204690336983,1,70135708
10.0,4.56511440617746,82.74031692791517,223.7774918463555,191.82169100311327,191.82169100311327,6.0027189412052655,6.0027189412052655,1,70135708
10.0,4.56511440617746,83.60330108151942,222.607527573299,190.65172673005677,190.65172673005677,5.966106988377179,5.966106988377179,1,70135708
10.0,4.56511440617746,84.46628523512365,221.02870141049263,189.0729005672504,189.0729005672504,5.916700429281658,5.916700429281658,1,70135708
10.0,4.56511440617746,85.3292693887279,218.99780235870776,187.04200151546553,187.04200151546553,5.853147052486397,5.853147052486397,1,70135708
10.0,4.56511440617746,86.19225354233214,216.45980535400562,184.5040045107634,184.5040045107634,5.773724946398299,5.773724946398299,1,70135708
10.0,4.56511440617746,87.05523769593638,213.315324921678,181.35952407843578,181.35952407843578,5.675324019200363,5.675324019200363,1,70135708
10.0,4.56511440617746,87.91822184954063,209.40628025619594,177.4504794129537,177.4504794129537,5.552997413002705,5.552997413002705,1,70135708
10.0,4.56511440617746,88.78120600314486,204.57357354765438,172.61777270441215,172.61777270441215,5.401766444570771,5.401766444570771,1,70135708
10.0,4.56511440617746,89.6441901567491,198.69864918688572,166.7428483436435,166.7428483436435,5.21792112679614,5.21792112679614,1,70135708
10.0,4.56511440617746,90.50717431035335,191.76276641622545,159.80696557298322,159.80696557298322,5.000875000971162,5.000875000971162,1,70135708
10.0,4.56511440617746,91.37015846395758,183.85035566600018,151.89455482275795,151.89455482275795,4.753270167374932,4.753270167374932,1,70135708
10.0,4.56511440617746,92.23314261756182,175.02633990049003,143.0705390572478,143.0705390572478,4.477138274802565,4.477138274802565,1,70135708
10.0,4.56511440617746,93.09612677116607,165.26821578826474,133.3124149450225,133.3124149450225,4.1717751214867285,4.1717751214867285,1,70135708
10.0,4.56511440617746,93.95911092477031,127.18095478276146,95.22515393951925,95.22515393951925,2.9799019716840163,2.9799019716840163,1,70135708
10.0,4.56511440617746,94.82209507837456,119.30972903133912,87.3539281880969,87.3539281880969,2.7335859494370918,2.7335859494370918,1,70135708
10.0,4.56511440617746,95.68507923197879,110.91545896888111,78.9596581256389,78.9596581256389,2.4709021849576556,2.4709021849576556,1,70135708
10.0,4.56511440617746,96.54806338558303,101.96811979644217,70.01231895319995,70.01231895319995,2.1909111055185977,2.1909111055185977,1,70135708
10.0,4.56511440617746,97.41104753918728,92.43630827855532,60.4805074353131,60.4805074353131,1.8926300026714267,1.8926300026714267,1,70135708
10.0,4.56511440617746,98.27403169279151,82.28727076705584,50.33146992381363,50.33146992381363,1.5750339092020398,1.5750339092020398,1,70135708
10.0,4.56511440617746,99.13701584639576,71.48694333985202,39.5311424966098,39.5311424966098,1.237056855202224,1.237056855202224,1,70135708
10.0,4.56511440617746,100.0,60.00000238418582,28.0442015409436,28.0442015409436,0.8775934509829124,0.8775934509829124,1,70135708
10.0,4.880228812354919,76.86433007750904,228.80996969864995,194.64836801216552,194.64836801216552,5.697870076424885,5.697870076424885,1,69616383
10.0,4.880228812354919,77.69060400331229,228.76555293655002,194.6039512500656,194.6039512500656,5.696569880886409,5.696569880886409,1,69616383
10.0,4.880228812354919,78.51687792911554,228.68130985407464,194.5197081675902,194.5197081675902,5.69410386412149,5.69410386412149,1,69616383
10.0,4.880228812354919,79.34315185491879,228.55850967402287,194.39690798753844,194.39690798753844,5.690509179622246,5.690509179622246,1,69616383
10.0,4.880228812354919,80.16942578072204,228.36981156187602,194.2082098753916,194.2082098753916,5.684985489196995,5.684985489196995,1,69616383
10.0,4.880228812354919,80.99569970652529,228.0976975311922,193.93609584470778,193.93609584470778,5.677019995272526,5.677019995272526,1,69616383
10.0,4.880228812354919,81.82197363232854,227.71994191424466,193.55834022776023,193.55834022776023,5.665962094053071,5.665962094053071,1,69616383
10.0,4.880228812354919,82.64824755813177,227.18030075391795,193.01869906743352,193.01869906743352,5.650165376871036,5.650165376871036,1,69616383
10.0,4.880228812354919,83.47452148393502,226.42251313657368,192.26091145008925,192.26091145008925,5.627982938696772,5.627982938696772,1,69616383
10.0,4.880228812354919,84.30079540973827,225.36435529990206,191.20275361341763,191.20275361341763,5.59700787358177,5.59700787358177,1,69616383
10.0,4.880228812354919,85.12706933554152,223.92764690184526,189.76604521536083,189.76604521536083,5.5549516371312055,5.5549516371312055,1,69616383
10.0,4.880228812354919,85.95334326134477,222.0415778272696,187.87997614078517,187.87997614078517,5.499741430891905,5.499741430891905,1,69616383
10.0,4.880228812354919,86.77961718714802,219.6335549872122,185.47195330072776,185.47195330072776,5.429252264073648,5.429252264073648,1,69616383
10.0,4.880228812354919,87.60589111295127,216.59735158085698,182.43574989437255,182.43574989437255,5.340374598611128,5.340374598611128,1,69616383
10.0,4.880228812354919,88.43216503875452,212.7935068501269,178.63190516364247,178.63190516364247,5.229026051033074,5.229026051033074,1,69616383
10.0,4.880228812354919,89.25843896455777,208.09342787969206,173.93182619320763,173.93182619320763,5.091442368231269,5.091442368231269,1,69616383
10.0,4.880228812354919,90.08471289036102,202.3935886398676,168.23198695338317,168.23198695338317,4.924593070820267,4.924593070820267,1,69616383
10.0,4.880228812354919,90.91098681616427,195.6242884552903,161.46268676880587,161.46268676880587,4.72643783656919,4.72643783656919,1,69616383
10.0,4.880228812354919,91.73726074196752,187.7917267863448,153.63012509986038,153.63012509986038,4.4971581400014395,4.4971581400014395,1,69616383
10.0,4.880228812354919,92.56353466777077,178.94899976419381,144.78739807770938,144.78739807770938,4.238308244633404,4.238308244633404,1,69616383
10.0,4.880228812354919,93.38980859357402,169.10063114145922,134.9390294549748,134.9390294549748,3.950020572611546,3.950020572611546,1,69616383
10.0,4.880228812354919,94.21608251937727,125.45584726965535,91.29424558317092,91.29424558317092,2.6724228688401994,2.6724228688401994,1,69616383
10.0,4.880228812354919,95.0423564451805,117.71196175513765,83.55036006865322,83.55036006865322,2.445738956721949,2.445738956721949,1,69616383
10.0,4.880228812354919,95.86863037098375,109.47858189273737,75.31698020625294,75.31698020625294,2.204726256616096,2.204726256616096,1,69616383
10.0,4.880228812354919,96.694904296787,100.72913640364825,66.56753471716382,66.56753471716382,1.948606957252252,1.948606957252252,1,69616383
10.0,4.880228812354919,97.52117822259025,91.43591694503337,57.27431525854894,57.27431525854894,1.6765699625029213,1.6765699625029213,1,69616383
10.0,4.880228812354919,98.3474521483935,81.57010033077476,47.40849864429033,47.40849864429033,1.3877715418433338,1.3877715418433338,1,69616383
10.0,4.880228812354919,99.17372607419675,71.10177954704746,36.940177860563026,36.940177860563026,1.0813362382589309,1.0813362382589309,1,69616383
10.0,4.880228812354919,100.0,60.00000238418582,25.83840069770139,25.83840069770139,0.7563579991017809,0.7563579991017809,1,69616383
10.0,5.195343218532379,77.89238612118389,230.75277808015673,194.38537555043007,194.38537555043007,5.345044243716328,5.345044243716328,1,66597528
10.0,5.195343218532379,78.68194375971304,230.72108025020773,194.35367772048107,194.35367772048107,5.3441726436639705,5.3441726436639705,1,66597528
10.0,5.195343218532379,79.47150139824218,230.66810204474484,194.30069951501818,194.30069951501818,5.342715893888686,5.342715893888686,1,66597528
10.0,5.195343218532379,80.26105903677133,230.5870166598839,194.21961413015723,194.21961413015723,5.340486276725494,5.340486276725494,1,66597528
10.0,5.195343218532379,81.05061667530047,230.44903910782853,194.08163657810186,194.08163657810186,5.336692286985849,5.336692286985849,1,66597528
10.0,5.195343218532379,81.84017431382962,230.23317434716768,193.86577181744101,193.86577181744101,5.3307566208220525,5.3307566208220525,1,66597528
10.0,5.195343218532379,82.62973195235877,229.91319600696457,193.5457934772379,193.5457934772379,5.321958127722592,5.321958127722592,1,66597528
10.0,5.195343218532379,83.41928959088791,229.43316843364485,193.0657659039182,193.0657659039182,5.308758736511538,5.308758736511538,1,66597528
10.0,5.195343218532379,84.20884722941706,228.73950145873147,192.3720989290048,192.3720989290048,5.289684870173507,5.289684870173507,1,66597528
10.0,5.195343218532379,84.9984048679462,227.7673686920964,191.39996616236974,191.39996616236974,5.2629539875969895,5.2629539875969895,1,66597528
10.0,5.195343218532379,85.78796250647535,226.4302176740153,190.06281514428863,190.06281514428863,5.22618614262956,5.22618614262956,1,66597528
10.0,5.195343218532379,86.5775201450045,224.6433640858846,188.27596155615794,188.27596155615794,5.177052757679394,5.177052757679394,1,66597528
10.0,5.195343218532379,87.36707778353365,222.319990823671,185.95258829394433,185.95258829394433,5.113166609629241,5.113166609629241,1,66597528
10.0,5.195343218532379,88.1566354220628,219.3454120559166,182.97800952618994,182.97800952618994,5.031374164724138,5.031374164724138,1,66597528
10.0,5.195343218532379,88.94619306059195,215.59992254391727,179.2325200141906,179.2325200141906,4.928383869804456,4.928383869804456,1,66597528
10.0,5.195343218532379,89.7357506991211,210.97542528851332,174.60802275878666,174.60802275878666,4.801223365239306,4.801223365239306,1,66597528
10.0,5.195343218532379,90.52530833765024,205.3780423686278,169.01063983890114,169.01063983890114,4.647311275551014,4.647311275551014,1,66597528
10.0,5.195343218532379,91.31486597617939,198.73930658984608,162.37190406011942,162.37190406011942,4.464764947878719,4.464764947878719,1,66597528
10.0,5.195343218532379,92.10442361470854,191.01541389690178,154.64801136717512,154.64801136717512,4.252379895450771,4.252379895450771,1,66597528
10.0,5.195343218532379,92.89398125323768,182.21297486266255,145.8455723329359,145.8455723329359,4.010337890194989,4.010337890194989,1,66597528
10.0,5.195343218532379,93.68353889176683,130.80982593135855,94.44242340163188,94.44242340163188,2.59689768397495,2.59689768397495,1,66597528
10.0,5.195343218532379,94.47309653029598,123.64171173873198,87.27430920900534,87.27430920900534,2.3997949575218485,2.3997949575218485,1,66597528
10.0,5.195343218532379,95.26265416882512,116.03988179594238,79.67247926621573,79.67247926621573,2.1907662831045354,2.1907662831045354,1,66597528
10.0,5.195343218532379,96.05221180735427,107.98191158877843,71.61450905905178,71.61450905905178,1.96919505044426,1.96919505044426,1,66597528
10.0,5.195343218532379,96.84176944588341,99.44443567485067,63.07703314512401,63.07703314512401,1.734438776417011,1.734438776417011,1,66597528
10.0,5.195343218532379,97.63132708441256,90.40315803926042,54.035755509533764,54.035755509533764,1.4858293898049229,1.4858293898049229,1,66597528
10.0,5.195343218532379,98.42088472294171,80.83286938084443,44.465466851117775,44.465466851117775,1.2226737066187714,1.2226737066187714,1,66597528
10.0,5.195343218532379,99.21044236147085,70.70747070180595,34.34006817207929,34.34006817207929,0.9442540787456508,0.9442540787456508,1,66597528
10.0,5.195343218532379,100.0,60.00000238418582,23.632599854459166,23.632599854459166,0.6498291934691216,0.6498291934691216,1,66597528
10.0,5.510457624709839,78.91976702756567,232.46511301145077,193.89190963848188,193.89190963848188,5.026595996285764,5.026595996285764,1,69702806
10.0,5.510457624709839,79.6726324908669,232.46492125555582,193.89171788258693,193.89171788258693,5.026591025065378,5.026591025065378,1,69702806
10.0,5.510457624709839,80.42549795416812,232.4546426713934,193.88143929842454,193.88143929842454,5.026324555514924,5.026324555514924,1,69702806
10.0,5.510457624709839,81.17836341746934,232.41386854562774,193.84066517265887,193.84066517265887,5.025267497189448,5.025267497189448,1,69702806
10.0,5.510457624709839,81.93122888077058,232.32494896319588,193.75174559022702,193.75174559022702,5.02296228075274,5.02296228075274,1,69702806
10.0,5.510457624709839,82.68409434407181,232.16445069276438,193.5912473197955,193.5912473197955,5.018801405938179,5.018801405938179,1,69702806
10.0,5.510457624709839,83.43695980737303,231.88450539630583,193.31130202333696,193.31130202333696,5.011543898861266,5.011543898861266,1,69702806
10.0,5.510457624709839,84.18982527067425,231.45216546215738,192.87896208918852,192.87896208918852,5.000335601485284,5.000335601485284,1,69702806
10.0,5.510457624709839,84.94269073397548,230.80815849041906,192.23495511745017,192.23495511745017,4.983639892666098,4.983639892666098,1,69702806
10.0,5.510457624709839,85.69555619727672,229.88342548684537,191.31022211387648,191.31022211387648,4.959666436413778,4.959666436413778,1,69702806
10.0,5.510457624709839,86.44842166057794,228.5957208449669,190.02251747199801,190.02251747199801,4.926283037336769,4.926283037336769,1,69702806
10.0,5.510457624709839,87.20128712387915,226.85582950011053,188.28262612714167,188.28262612714167,4.881176818700139,4.881176818700139,1,69702806
10.0,5.510457624709839,87.95415258718039,224.5602091951488,185.98700582217992,185.98700582217992,4.821663475129341,4.821663475129341,1,69702806
10.0,5.510457624709839,88.70701805048162,221.59789660159612,183.02469322862726,183.02469322862726,4.744866311955992,4.744866311955992,1,69702806
10.0,5.510457624709839,89.45988351378284,217.86257451767534,179.28937114470648,179.28937114470648,4.648029084106297,4.648029084106297,1,69702806
10.0,5.510457624709839,90.21274897708406,213.25297288270139,174.67976950973252,174.67976950973252,4.528526392291901,4.528526392291901,1,69702806
10.0,5.510457624709839,90.96561444038528,207.68840712520344,169.11520375223455,169.11520375223455,4.384266510536851,4.384266510536851,1,69702806
10.0,5.510457624709839,91.7184799036865,201.10726581611482,162.53406244314596,162.53406244314596,4.213652178990291,4.213652178990291,1,69702806
10.0,5.510457624709839,92.47134536698773,193.46702556667486,154.893822193706,154.893822193706,4.015580990150578,4.015580990150578,1,69702806
10.0,5.510457624709839,93.22421083028897,184.73687314222028,146.16366976925138,146.16366976925138,3.789254119134922,3.789254119134922,1,69702806
10.0,5.510457624709839,93.97707629359019,128.78014129265972,90.20693791969084,90.20693791969084,2.3385907840598374,2.3385907840598374,1,69702806
10.0,5.510457624709839,94.7299417568914,121.73887873191691,83.16567535894804,83.16567535894804,2.1560479318974175,2.1560479318974175,1,69702806
10.0,5.510457624709839,95.48280722019264,114.29414584858263,75.72094247561375,75.72094247561375,1.9630452193316428,1.9630452193316428,1,69702806
10.0,5.510457624709839,96.23567268349387,106.42629937154263,67.85309599857375,67.85309599857375,1.7590733998028143,1.7590733998028143,1,69702806
10.0,5.510457624709839,96.9885381467951,98.11493254714091,59.54172917417203,59.54172917417203,1.5436034336701567,1.5436034336701567,1,69702806
10.0,5.510457624709839,97.74140361009631,89.33888342952237,50.76568005655349,50.76568005655349,1.3160867031367376,1.3160867031367376,1,69702806
10.0,5.510457624709839,98.49426907339755,80.07624806007497,41.5030446871061,41.5030446871061,1.0759553539229874,1.0759553539229874,1,69702806
10.0,5.510457624709839,99.24713453669878,70.30439810295138,31.731194729982505,31.731194729982505,0.8226227524628904,0.8226227524628904,1,69702806
10.0,5.510457624709839,100.0,60.00000238418582,21.426799011216943,21.426799011216943,0.555484044299839,0.555484044299839,1,69702806
10.0,5.825572030887299,79.94894648380492,234.13278050400058,193.3537762877895,193.3537762877895,4.741503133882914,4.741503133882914,1,66012513
10.0,5.825572030887299,80.66505553795474,234.13278050400058,193.3537762877895,193.3537762877895,4.741503133882914,4.741503133882914,1,66012513
10.0,5.825572030887299,81.38116459210457,234.13278050400058,193.3537762877895,193.3537762877895,4.741503133882914,4.741503133882914,1,66012513
10.0,5.825572030887299,82.0972736462544,234.1277106666205,193.3487064504094,193.3487064504094,4.741378809185009,4.741378809185009,1,66012513
10.0,5.825572030887299,82.81338270040422,234.0832310786839,193.3042268624728,193.3042268624728,4.740288061904845,4.740288061904845,1,66012513
10.0,5.825572030887299,83.52949175455404,233.9604838366188,193.1814796204077,193.1814796204077,4.737278002085477,4.737278002085477,1,66012513
10.0,5.825572030887299,84.24560080870387,233.71347640457583,192.93447218836474,192.93447218836474,4.731220781297707,4.731220781297707,1,66012513
10.0,5.825572030887299,84.9617098628537,233.30585229854069,192.5268480823296,192.5268480823296,4.72122485045364,4.72122485045364,1,66012513
10.0,5.825572030887299,85.6778189170035,232.67256923324598,191.8935650170349,191.8935650170349,4.705695215106563,4.705695215106563,1,66012513
10.0,5.825572030887299,86.39392797115333,231.75400610901042,190.97500189279933,190.97500189279933,4.683169821417072,4.683169821417072,1,66012513
10.0,5.825572030887299,87.11003702530316,230.46616857943317,189.68716436322208,189.68716436322208,4.651588924474392,4.651588924474392,1,66012513
10.0,5.825572030887299,87.82614607945298,228.71221238447924,187.93320816826815,187.93320816826815,4.608577668347234,4.608577668347234,1,66012513
10.0,5.825572030887299,88.54225513360281,226.38827227618302,185.60926805997192,185.60926805997192,4.5515890254668285,4.5515890254668285,1,66012513
10.0,5.825572030887299,89.25836418775263,223.3812336446188,182.6022294284077,182.6022294284077,4.477849151495879,4.477849151495879,1,66012513
10.0,5.825572030887299,89.97447324190246,219.59421070051405,178.81520648430296,178.81520648430296,4.384982172105556,4.384982172105556,1,66012513
10.0,5.825572030887299,90.69058229605228,214.93856384551938,174.1595596293083,174.1595596293083,4.270814429550826,4.270814429550826,1,66012513
10.0,5.825572030887299,91.40669135020211,209.3421970809344,168.5631928647233,168.5631928647233,4.1335779552388745,4.1335779552388745,1,66012513
10.0,5.825572030887299,92.12280040435193,202.75249326289173,161.97348904668064,161.97348904668064,3.9719824492990066,3.9719824492990066,1,66012513
10.0,5.825572030887299,92.83890945850176,195.1341812154412,154.3551769992301,154.3551769992301,3.7851629770269986,3.7851629770269986,1,66012513
10.0,5.825572030887299,93.55501851265159,133.17909348377427,92.40008926756317,92.40008926756317,2.2658740948566587,2.2658740948566587,1,66012513
10.0,5.825572030887299,94.27112756680141,126.63784999975341,85.85884578354232,85.85884578354232,2.105466953737198,2.105466953737198,1,66012513
10.0,5.825572030887299,94.98723662095122,119.7396983474168,78.96069413120571,78.96069413120571,1.936307559462574,1.936307559462574,1,66012513
10.0,5.825572030887299,95.70334567510105,112.4681836119098,71.6891793956987,71.6891793956987,1.7579923976466234,1.7579923976466234,1,66012513
10.0,5.825572030887299,96.41945472925087,104.80623465235561,64.02723043614452,64.02723043614452,1.5701028425478678,1.5701028425478678,1,66012513
10.0,5.825572030887299,97.1355637834007,96.73616694044517,55.95716272423408,55.95716272423408,1.3722052266786136,1.3722052266786136,1,66012513
10.0,5.825572030887299,97.85167283755052,88.23968899509488,47.46068477888379,47.46068477888379,1.1638509985983545,1.1638509985983545,1,66012513
10.0,5.825572030887299,98.56778189170035,79.29791220976932,38.51890799355823,38.51890799355823,0.9445769639035375,0.9445769639035375,1,66012513
10.0,5.825572030887299,99.28389094585017,69.8913637828199,29.112359566608802,29.112359566608802,0.7139056023107992,0.7139056023107992,1,66012513
10.0,5.825572030887299,100.0,60.00000238418582,19.220998167974727,19.220998167974727,0.47134545184243865,0.47134545184243865,1,66012513
10.0,6.140686437064758,80.97565275317083,235.80044799655147,192.81564293709818,192.81564293709818,4.485669823799602,4.485669823799602,1,69165509
10.0,6.140686437064758,81.65509372627187,235.80044799655147,192.81564293709818,192.81564293709818,4.485669823799602,4.485669823799602,1,69165509
10.0,6.140686437064758,82.33453469937292,235.80044799655147,192.81564293709818,192.81564293709818,4.485669823799602,4.485669823799602,1,69165509
10.0,6.140686437064758,83.01397567247396,235.80044799655147,192.81564293709818,192.81564293709818,4.485669823799602,4.485669823799602,1,69165509
10.0,6.140686437064758,83.693416645575,235.7874955603016,192.8026905008483,192.8026905008483,4.485368497872174,4.485368497872174,1,69165509
10.0,6.140686437064758,84.37285761867605,235.6740090009949,192.68920394154156,192.68920394154156,4.482728342609174,4.482728342609174,1,69165509
10.0,6.140686437064758,85.05229859177709,235.4368799231926,192.4520748637393,192.4520748637393,4.4772117634953625,4.4772117634953625,1,69165509
10.0,6.140686437064758,85.73173956487813,235.02305996307476,192.03825490362146,192.03825490362146,4.467584641549701,4.467584641549701,1,69165509
10.0,6.140686437064758,86.41118053797916,234.36854367564834,191.38373861619505,191.38373861619505,4.452357951873636,4.452357951873636,1,69165509
10.0,6.140686437064758,87.0906215110802,233.41185024984136,190.42704519038807,190.42704519038807,4.430101402739965,4.430101402739965,1,69165509
10.0,6.140686437064758,87.77006248418125,232.06547280475633,189.080667745303,189.080667745303,4.3987792310278255,4.3987792310278255,1,69165509
10.0,6.140686437064758,88.44950345728229,230.23821569430865,187.25341063485536,187.25341063485536,4.35626985805474,4.35626985805474,1,69165509
10.0,6.140686437064758,89.12894443038333,227.820977704115,184.8361726446617,184.8361726446617,4.300035149374538,4.300035149374538,1,69165509
10.0,6.140686437064758,89.80838540348438,224.71168418006638,181.7268791206131,181.7268791206131,4.227700436683668,4.227700436683668,1,69165509
10.0,6.140686437064758,90.48782637658542,220.81573151584945,177.83092645639613,177.83092645639613,4.137064858394354,4.137064858394354,1,69165509
10.0,6.140686437064758,91.16726734968645,216.0568666811729,173.07206162171957,173.07206162171957,4.02635446135767,4.02635446135767,1,69165509
10.0,6.140686437064758,91.8467083227875,210.37098401195013,167.38617895249683,167.38617895249683,3.894077889174582,3.894077889174582,1,69165509
10.0,6.140686437064758,92.52614929588854,203.716530562737,160.7317255032837,160.7317255032837,3.7392684526769826,3.7392684526769826,1,69165509
10.0,6.140686437064758,93.20559026898958,196.06705765590644,153.08225259645315,153.08225259645315,3.5613108489086187,3.5613108489086187,1,69165509
10.0,6.140686437064758,93.88503124209063,130.80161859491278,87.81681353545947,87.81681353545947,2.0429734045320886,2.0429734045320886,1,69165509
10.0,6.140686437064758,94.56447221519167,124.39200494311409,81.40719988366078,81.40719988366078,1.893859929597553,1.893859929597553,1,69165509
10.0,6.140686437064758,95.24391318829271,117.6529797550667,74.66817469561339,74.66817469561339,1.7370830132261401,1.7370830132261401,1,69165509
10.0,6.140686437064758,95.92335416139375,110.57031682249162,67.58551176303831,67.58551176303831,1.5723116964136323,1.5723116964136323,1,69165509
10.0,6.140686437064758,96.60279513449478,103.12929963525029,60.14449457579698,60.14449457579698,1.399203613756296,1.399203613756296,1,69165509
10.0,6.140686437064758,97.28223610759584,95.31472376870354,52.32991870925024,52.32991870925024,1.2174050489904857,1.2174050489904857,1,69165509
10.0,6.140686437064758,97.96167708069687,87.11090172396993,44.12609666451662,44.12609666451662,1.0265510475965813,1.0265510475965813,1,69165509
10.0,6.140686437064758,98.64111805379791,78.50167008551506,35.51686502606175,35.51686502606175,0.8262655833133948,0.8262655833133948,1,69165509
10.0,6.140686437064758,99.32055902689896,69.47039880626637,26.485593746813066,26.485593746813066,0.6161617741474043,0.6161617741474043,1,69165509
10.0,6.140686437064758,100.0,60.00000238418582,17.01519732473251,17.01519732473251,0.3958421423849285,0.3958421423849285,1,69165509
10.0,6.455800843242218,82.00333835039123,237.46811548910162,192.2775095864061,192.2775095864061,4.254811497779389,4.254811497779389,1,68775846
10.0,6.455800843242218,82.64607626644869,237.46811548910162,192.2775095864061,192.2775095864061,4.254811497779389,4.254811497779389,1,68775846
10.0,6.455800843242218,83.28881418250614,237.46811548910162,192.2775095864061,192.2775095864061,4.254811497779389,4.254811497779389,1,68775846
10.0,6.455800843242218,83.9315520985636,237.46811548910162,192.2775095864061,192.2775095864061,4.254811497779389,4.254811497779389,1,68775846
10.0,6.455800843242218,84.57429001462106,237.45693211657945,192.26632621388393,192.26632621388393,4.254564026600396,4.254564026600396,1,68775846
10.0,6.455800843242218,85.21702793067851,237.33948130469867,192.14887540200314,192.14887540200314,4.251965017148438,4.251965017148438,1,68775846
10.0,6.455800843242218,85.85976584673597,237.07785191885648,191.88724601616096,191.88724601616096,4.246175553152193,4.246175553152193,1,68775846
10.0,6.455800843242218,86.50250376279342,236.61471124778132,191.4241053450858,191.4241053450858,4.2359269481197135,4.2359269481197135,1,68775846
10.0,6.455800843242218,87.14524167885088,235.8945862416682,190.70398033897268,190.70398033897268,4.219991667064538,4.219991667064538,1,68775846
10.0,6.455800843242218,87.78797959490834,234.84480228619958,189.65419638350406,189.65419638350406,4.196761530302729,4.196761530302729,1,68775846
10.0,6.455800843242218,88.43071751096579,233.38442231198314,188.19381640928762,188.19381640928762,4.164445522472232,4.164445522472232,1,68775846
10.0,6.455800843242218,89.07345542702325,231.4197800224304,186.22917411973486,186.22917411973486,4.120970949597882,4.120970949597882,1,68775846
10.0,6.455800843242218,89.7161933430807,228.8462845430312,183.65567864033568,183.65567864033568,4.064023373259994,4.064023373259994,1,68775846
10.0,6.455800843242218,90.35893125913816,225.57141251245855,180.38080660976303,180.38080660976303,3.9915553909181747,3.9915553909181747,1,68775846
10.0,6.455800843242218,91.00166917519562,221.50362167366927,176.31301577097375,176.31301577097375,3.901541310391172,3.901541310391172,1,68775846
10.0,6.455800843242218,91.64440709125307,216.5835689302026,171.39296302750708,171.39296302750708,3.7926679583927383,3.7926679583927383,1,68775846
10.0,6.455800843242218,92.28714500731053,210.76012275495097,165.56951685225545,165.56951685225545,3.663803871290417,3.663803871290417,1,68775846
10.0,6.455800843242218,92.92988292336798,203.9964884551556,158.80588255246008,158.80588255246008,3.514134837988256,3.514134837988256,1,68775846
10.0,6.455800843242218,93.57262083942544,134.2616107082959,89.07100480560038,89.07100480560038,1.9710070937616588,1.9710070937616588,1,68775846
10.0,6.455800843242218,94.2153587554829,128.29150617644873,83.10090027375321,83.10090027375321,1.8388976782627384,1.8388976782627384,1,68775846
10.0,6.455800843242218,94.85809667154035,122.03108276295062,76.84047686025508,76.84047686025508,1.7003639434644469,1.7003639434644469,1,68775846
10.0,6.455800843242218,95.50083458759781,115.46854363051828,70.27793772782275,70.27793772782275,1.5551448431372061,1.5551448431372061,1,68775846
10.0,6.455800843242218,96.14357250365526,108.59170628609816,63.40110038340263,63.40110038340263,1.4029707970704788,1.4029707970704788,1,68775846
10.0,6.455800843242218,96.78631041971272,101.3880027674518,56.197396864756264,56.197396864756264,1.2435636952016216,1.2435636952016216,1,68775846
10.0,6.455800843242218,97.42904833577018,93.84448152363548,48.65387562093995,48.65387562093995,1.0766369392280672,1.0766369392280672,1,68775846
10.0,6.455800843242218,98.07178625182763,85.94781093646382,40.757205033768294,40.757205033768294,0.9018955205320053,0.9018955205320053,1,68775846
10.0,6.455800843242218,98.71452416788509,77.68428439540138,32.49367849270585,32.49367849270585,0.7190361324800839,0.7190361324800839,1,68775846
10.0,6.455800843242218,99.35726208394254,69.03982680618375,23.849220903488224,23.849220903488224,0.5277473144493879,0.5277473144493879,1,68775846
10.0,6.455800843242218,100.0,60.00000238418582,14.809396481490289,14.809396481490289,0.3277096242829295,0.3277096242829295,1,68775846
10.0,6.770915249419678,83.03164114132757,239.13578298165115,191.7393762357134,191.7393762357134,4.045441192694359,4.045441192694359,1,65961589
10.0,6.770915249419678,83.63765395770872,239.13578298165115,191.7393762357134,191.7393762357134,4.045441192694359,4.045441192694359,1,65961589
10.0,6.770915249419678,84.24366677408989,239.13578298165115,191.7393762357134,191.7393762357134,4.045441192694359,4.045441192694359,1,65961589
10.0,6.770915249419678,84.84967959047106,239.13578298165115,191.7393762357134,191.7393762357134,4.045441192694359,4.045441192694359,1,65961589
10.0,6.770915249419678,85.45569240685221,239.1069029448011,191.71049619886335,191.71049619886335,4.044831863025028,4.044831863025028,1,65961589
10.0,6.770915249419678,86.06170522323336,238.94898660109712,191.55257985515937,191.55257985515937,4.041500042016939,4.041500042016939,1,65961589
10.0,6.770915249419678,86.66771803961451,238.61796398153004,191.2215572355923,191.2215572355923,4.034515913001813,4.034515913001813,1,65961589
10.0,6.770915249419678,87.27373085599567,238.06231731953253,190.66591057359477,190.66591057359477,4.022792520868396,4.022792520868396,1,65961589
10.0,6.770915249419678,87.87974367237683,237.22071046776824,189.8243037218305,189.8243037218305,4.00503575596688,4.00503575596688,1,65961589
10.0,6.770915249419678,88.485756488758,236.02439941838392,188.62799267244617,188.62799267244617,3.9797952128219745,3.9797952128219745,1,65961589
10.0,6.770915249419678,89.09176930513915,234.38547646167174,186.989069715734,186.989069715734,3.945216157799989,3.945216157799989,1,65961589
10.0,6.770915249419678,89.6977821215203,232.2151574013435,184.81875065540575,184.81875065540575,3.899425364587289,3.899425364587289,1,65961589
10.0,6.770915249419678,90.30379493790147,229.4222626192178,182.02585587328005,182.02585587328005,3.84049906671208,3.84049906671208,1,65961589
10.0,6.770915249419678,90.90980775428262,225.91959232971305,178.5231855837753,178.5231855837753,3.7665974667810906,3.7665974667810906,1,65961589
10.0,6.770915249419678,91.51582057066378,221.6294279852874,174.23302123934965,174.23302123934965,3.67608080868457,3.67608080868457,1,65961589
10.0,6.770915249419678,92.12183338704494,216.50371061837214,169.1073038724344,169.1073038724344,3.5679351132863726,3.5679351132863726,1,65961589
10.0,6.770915249419678,92.7278462034261,210.49715841056224,163.10075166462448,163.10075166462448,3.441204995536999,3.441204995536999,1,65961589
10.0,6.770915249419678,93.33385901980725,203.59415023949637,156.19774349355862,156.19774349355862,3.295560870908131,3.295560870908131,1,65961589
10.0,6.770915249419678,93.93987183618842,131.47435011544482,84.07794336950707,84.07794336950707,1.7739307500713275,1.7739307500713275,1,65961589
10.0,6.770915249419678,94.54588465256958,125.64652489513105,78.2501181491933,78.2501181491933,1.650971529733105,1.650971529733105,1,65961589
10.0,6.770915249419678,95.15189746895074,119.55357378475061,72.15716703881287,72.15716703881287,1.5224185121374696,1.5224185121374696,1,65961589
10.0,6.770915249419678,95.75791028533189,113.1854729429082,65.78906619697045,65.78906619697045,1.3880602078048692,1.3880602078048692,1,65961589
10.0,6.770915249419678,96.36392310171306,106.5318991493888,59.13549240345106,59.13549240345106,1.247678810768064,1.247678810768064,1,65961589
10.0,6.770915249419678,96.96993591809421,99.58223009136356,52.18582334542581,52.18582334542581,1.101050204610681,1.101050204610681,1,65961589
10.0,6.770915249419678,97.57594873447536,92.32554575857708,44.92913901263933,44.92913901263933,0.947943991903777,0.947943991903777,1,65961589
10.0,6.770915249419678,98.18196155085653,84.75063091382746,37.35422416788972,37.35422416788972,0.7881235463296229,0.7881235463296229,1,65961589
10.0,6.770915249419678,98.78797436723768,76.84597858389033,29.449571837952583,29.449571837952583,0.6213460863354721,0.6213460863354721,1,65961589
10.0,6.770915249419678,99.39398718361883,68.59979449814799,21.20338775221024,21.20338775221024,0.44736276878262593,0.44736276878262593,1,65961589
10.0,6.770915249419678,100.0,60.00000238418582,12.603595638248073,12.603595638248073,0.2659188006763467,0.2659188006763467,1,65961589
10.0,7.086029655597138,84.05913716373419,240.80345047419877,191.20124288501881,191.20124288501881,3.85469220379471,3.85469220379471,1,68661805
10.0,7.086029655597138,84.62845369360082,240.80345047419877,191.20124288501881,191.20124288501881,3.85469220379471,3.85469220379471,1,68661805
10.0,7.086029655597138,85.19777022346746,240.80345047419877,191.20124288501881,191.20124288501881,3.85469220379471,3.85469220379471,1,68661805
10.0,7.086029655597138,85.7670867533341,240.7991498254427,191.19694223626271,191.19694223626271,3.854605501025516,3.854605501025516,1,68661805
10.0,7.086029655597138,86.33640328320074,240.71156564221675,191.10935805303677,191.10935805303677,3.8528397694687406,3.8528397694687406,1,68661805
10.0,7.086029655597138,86.90571981306738,240.465948048847,190.86374045966704,190.86374045966704,3.8478880222520844,3.8478880222520844,1,68661805
10.0,7.086029655597138,87.475036342934,240.0193542346549,190.41714664547493,190.41714664547493,3.8388845154345868,3.8388845154345868,1,68661805
10.0,7.086029655597138,88.04435287280064,239.31501371049163,189.71280612131164,189.71280612131164,3.8246847336426786,3.8246847336426786,1,68661805
10.0,7.086029655597138,88.61366940266728,238.29004826044402,188.68784067126404,188.68784067126404,3.8040210273307205,3.8040210273307205,1,68661805
10.0,7.086029655597138,89.18298593253391,236.87849414233054,187.27628655315056,187.27628655315056,3.775563541530806,3.775563541530806,1,68661805
10.0,7.086029655597138,89.75230246240055,234.99602275324025,185.3938151640603,185.3938151640603,3.737612178464843,3.737612178464843,1,68661805
10.0,7.086029655597138,90.32161899226719,232.5621640510034,182.95995646182342,182.95995646182342,3.6885446304557945,3.6885446304557945,1,68661805
10.0,7.086029655597138,90.89093552213383,229.49035902184414,179.8881514326642,179.8881514326642,3.6266158337659204,3.6266158337659204,1,68661805
10.0,7.086029655597138,91.46025205200047,225.70609758644395,176.103889997264,176.103889997264,3.5503236359116928,3.5503236359116928,1,68661805
10.0,7.086029655597138,92.0295685818671,221.15237020895597,171.55016261977602,171.55016261977602,3.4585187022441577,3.4585187022441577,1,68661805
10.0,7.086029655597138,92.59888511173372,215.7815334710054,166.17932588182543,166.17932588182543,3.3502405227237335,3.3502405227237335,1,68661805
10.0,7.086029655597138,93.16820164160036,209.57186044834305,159.9696528591631,159.9696528591631,3.225051074018291,3.225051074018291,1,68661805
10.0,7.086029655597138,93.737518171467,133.96893457788198,84.36672698870201,84.36672698870201,1.7008663744858292,1.7008663744858292,1,68661805
10.0,7.086029655597138,94.30683470133364,128.53451682253052,78.93230923335055,78.93230923335055,1.5913063766655526,1.5913063766655526,1,68661805
10.0,7.086029655597138,94.87615123120028,122.86803289980695,73.26582531062698,73.26582531062698,1.4770678337028067,1.4770678337028067,1,68661805
10.0,7.086029655597138,95.44546776106691,116.96129262154084,67.35908503236087,67.35908503236087,1.3579856281851115,1.3579856281851115,1,68661805
10.0,7.086029655597138,96.01478429093355,110.80587721012083,61.20366962094086,61.20366962094086,1.2338900342470158,1.2338900342470158,1,68661805
10.0,7.086029655597138,96.58410082080019,104.3931388461098,54.79093125692984,54.79093125692984,1.1046067084498417,1.1046067084498417,1,68661805
10.0,7.086029655597138,97.15341735066681,97.71420093374464,48.11199334456467,48.11199334456467,0.9699566951342631,0.9699566951342631,1,68661805
10.0,7.086029655597138,97.72273388053345,90.75995907584355,41.157751486663585,41.157751486663585,0.829756446074823,0.829756446074823,1,68661805
10.0,7.086029655597138,98.2920504104001,83.52108273743151,33.918875148251544,33.918875148251544,0.683817854019273,0.683817854019273,1,68661805
10.0,7.086029655597138,98.86136694026673,75.98801756580167,26.3858099766217,26.3858099766217,0.5319482994619256,0.5319482994619256,1,68661805
10.0,7.086029655597138,99.43068347013337,68.15098832388801,18.548780734708046,18.548780734708046,0.3739507097815986,0.3739507097815986,1,68661805
10.0,7.086029655597138,100.0,60.00000238418582,10.39779479500585,10.39779479500585,0.20962362968042544,0.20962362968042544,1,68661805
10.0,7.401144061774597,85.08743844974882,242.47111796674872,190.66310953432654,190.66310953432654,3.680186042723983,3.680186042723983,1,65699549
10.0,7.401144061774597,85.62002993368637,242.47111796674872,190.66310953432654,190.66310953432654,3.680186042723983,3.680186042723983,1,65699549
10.0,7.401144061774597,86.1526214176239,242.47111796674872,190.66310953432654,190.66310953432654,3.680186042723983,3.680186042723983,1,65699549
10.0,7.401144061774597,86.68521290156144,242.4165337765225,190.60852534410031,190.60852534410031,3.6791324567654065,3.6791324567654065,1,65699549
10.0,7.401144061774597,87.21780438549898,242.21643972011702,190.40843128769484,190.40843128769484,3.675270234254644,3.675270234254644,1,65699549
10.0,7.401144061774597,87.75039586943652,241.8208884439596,190.01288001153742,190.01288001153742,3.6676352896172064,3.6676352896172064,1,65699549
10.0,7.401144061774597,88.28298735337407,241.19270438118338,189.3846959487612,189.3846959487612,3.655510058754576,3.655510058754576,1,65699549
10.0,7.401144061774597,88.81557883731162,240.27281665504762,188.46480822262544,188.46480822262544,3.6377543535273493,3.6377543535273493,1,65699549
10.0,7.401144061774597,89.34817032124916,239.00153628805313,187.19352785563095,187.19352785563095,3.6132160551935555,3.6132160551935555,1,65699549
10.0,7.401144061774597,89.8807618051867,237.30645496761937,185.4984465351972,185.4984465351972,3.5804975359583526,3.5804975359583526,1,65699549
10.0,7.401144061774597,90.41335328912425,235.11433853020233,183.30633009778015,183.30633009778015,3.538185227422571,3.538185227422571,1,65699549
10.0,7.401144061774597,90.94594477306178,232.35334674295316,180.54533831053098,180.54533831053098,3.4848924668863193,3.4848924668863193,1,65699549
10.0,7.401144061774597,91.47853625699932,228.9519365879922,177.14392815557002,177.14392815557002,3.4192383285034915,3.4192383285034915,1,65699549
10.0,7.401144061774597,92.01112774093687,224.8500206725866,173.0420122401644,173.0420122401644,3.34006300330727,3.34006300330727,1,65699549
10.0,7.401144061774597,92.54371922487441,220.0016948402958,168.19368640787363,168.19368640787363,3.246480447656344,3.246480447656344,1,65699549
10.0,7.401144061774597,93.07631070881195,214.3725990772483,162.56459064482613,162.56459064482613,3.1378274433550875,3.1378274433550875,1,65699549
10.0,7.401144061774597,93.6089021927495,135.7819197458476,83.97391131342542,83.97391131342542,1.620867388156024,1.620867388156024,1,65699549
10.0,7.401144061774597,94.14149367668703,130.70842820825797,78.90041977583579,78.90041977583579,1.5229386761460375,1.5229386761460375,1,65699549
10.0,7.401144061774597,94.67408516062457,125.43257817656342,73.62456974414124,73.62456974414124,1.4211040333692107,1.4211040333692107,1,65699549
10.0,7.401144061774597,95.20667664456212,119.94773607920136,68.13972764677918,68.13972764677918,1.3152354183940484,1.3152354183940484,1,65699549
10.0,7.401144061774597,95.73926812849966,114.24709697059942,62.43908853817723,62.43908853817723,1.2052014819218946,1.2052014819218946,1,65699549
10.0,7.401144061774597,96.2718596124372,108.32368383409303,56.51567540167085,56.51567540167085,1.090867553331823,1.090867553331823,1,65699549
10.0,7.401144061774597,96.80445109637475,102.17034733043448,50.3623388980123,50.3623388980123,0.9720956358263491,0.9720956358263491,1,65699549
10.0,7.401144061774597,97.3370425803123,95.77976599347316,43.97175756105098,43.97175756105098,0.8487444102084578,0.8487444102084578,1,65699549
10.0,7.401144061774597,97.86963406424984,89.1444468678091,37.33643843538691,37.33643843538691,0.7206692471896148,0.7206692471896148,1,65699549
10.0,7.401144061774597,98.40222554818737,82.25672657666826,30.448718144246072,30.448718144246072,0.5877222280019325,0.5877222280019325,1,65699549
10.0,7.401144061774597,98.93481703212491,75.10877280177182,23.300764369349636,23.300764369349636,0.44975217296265896,0.44975217296265896,1,65699549
10.0,7.401144061774597,99.46740851606245,67.69258615101704,15.884577718594855,15.884577718594855,0.3066046775242196,0.3066046775242196,1,65699549
10.0,7.401144061774597,100.0,60.00000238418582,8.191993951763635,8.191993951763635,0.1581221552349225,0.1581221552349225,1,65699549
10.0,7.716258467952057,86.11549642453686,244.13878545929543,190.12497618363102,190.12497618363102,3.5199327492958488,3.5199327492958488,1,67964162
10.0,7.716258467952057,86.61137155223197,244.13878545929543,190.12497618363102,190.12497618363102,3.5199327492958488,3.5199327492958488,1,67964162
10.0,7.716258467952057,87.10724667992709,244.0856184629014,190.07180918723702,190.07180918723702,3.5189484270066607,3.5189484270066607,1,67964162
10.0,7.716258467952057,87.60312180762219,243.88908063045028,189.87527135478587,189.87527135478587,3.515309768021361,3.515309768021361,1,67964162
10.0,7.716258467952057,88.0989969353173,243.5037869068111,189.4899776311467,189.4899776311467,3.5081765232307043,3.5081765232307043,1,67964162
10.0,7.716258467952057,88.59487206301242,242.89720721280403,188.88339793713965,188.88339793713965,3.4969464377740147,3.4969464377740147,1,67964162
10.0,7.716258467952057,89.09074719070753,242.01561042212373,188.00180114645934,188.00180114645934,3.480624745182755,3.480624745182755,1,67964162
10.0,7.716258467952057,89.58662231840265,240.80877569432002,186.79496641865563,186.79496641865563,3.4582816676626247,3.4582816676626247,1,67964162
10.0,7.716258467952057,90.08249744609776,239.21254597652987,185.19873670086548,185.19873670086548,3.4287294153924015,3.4287294153924015,1,67964162
10.0,7.716258467952057,90.57837257379288,237.1683102235702,183.15450094790577,183.15450094790577,3.3908828761393237,3.3908828761393237,1,67964162
10.0,7.716258467952057,91.07424770148798,234.60653779500097,180.59272851933656,180.59272851933656,3.3434547746422605,3.3434547746422605,1,67964162
10.0,7.716258467952057,91.57012282918309,231.47165266368577,177.4578433880214,177.4578433880214,3.2854161883371176,3.2854161883371176,1,67964162
10.0,7.716258467952057,92.0659979568782,227.70546397855298,173.69165470288857,173.69165470288857,3.215689784374166,3.215689784374166,1,67964162
10.0,7.716258467952057,92.5618730845733,223.2621537548695,169.24834447920512,169.24834447920512,3.1334272984790013,3.1334272984790013,1,67964162
10.0,7.716258467952057,93.05774821226842,218.10753870871363,164.09372943304925,164.09372943304925,3.0379958687153863,3.0379958687153863,1,67964162
10.0,7.716258467952057,93.55362333996354,136.91831397229456,82.90450469663016,82.90450469663016,1.5348760957317313,1.5348760957317313,1,67964162
10.0,7.716258467952057,94.04949846765865,132.17892710035795,78.16511782469355,78.16511782469355,1.4471321107121098,1.4471321107121098,1,67964162
10.0,7.716258467952057,94.54537359535377,127.26396120822774,73.25015193256334,73.25015193256334,1.3561374936310178,1.3561374936310178,1,67964162
10.0,7.716258467952057,95.04124872304888,122.16809948011174,68.15429020444734,68.15429020444734,1.2617938101091093,1.2617938101091093,1,67964162
10.0,7.716258467952057,95.537123850744,116.88589911069305,62.872089835028646,62.872089835028646,1.1640002932241864,1.1640002932241864,1,67964162
10.0,7.716258467952057,96.0329989784391,111.41179061758729,57.397981341922886,57.397981341922886,1.0626538307821811,1.0626538307821811,1,67964162
10.0,7.716258467952057,96.52887410613421,105.74007741896474,51.726268143300345,51.726268143300345,0.9576489574973434,0.9576489574973434,1,67964162
10.0,7.716258467952057,97.02474923382933,99.86493568076327,45.85112640509887,45.85112640509887,0.8488778521635729,0.8488778521635729,1,67964162
10.0,7.716258467952057,97.52062436152444,93.78041443433015,39.766605158665755,39.766605158665755,0.7362303398324169,0.7362303398324169,1,67964162
10.0,7.716258467952057,98.01649948921956,87.48043596168127,33.466626686016866,33.466626686016866,0.6195938989456731,0.6195938989456731,1,67964162
10.0,7.716258467952057,98.51237461691466,80.95879644232271,26.944987166658308,26.944987166658308,0.49885367331050673,0.49885367331050673,1,67964162
10.0,7.716258467952057,99.00824974460977,74.20916685161875,20.195357575954347,20.195357575954347,0.37389248873164077,0.37389248873164077,1,67964162
10.0,7.716258467952057,99.50412487230489,67.22509409819493,13.21128482253053,13.21128482253053,0.24459087406899102,0.24459087406899102,1,67964162
10.0,7.716258467952057,100.0,60.00000238418582,5.9861931085214195,5.9861931085214195,0.11082708642099907,0.11082708642099907,1,67964162
10.0,8.031372874129517,87.14293393591159,245.80258364606382,189.5829735271572,189.5829735271572,3.372185846294238,3.372185846294238,1,68371183
10.0,8.031372874129517,87.60211486677188,245.71648279163296,189.49687267272634,189.49687267272634,3.370654337017515,3.370654337017515,1,68371183
10.0,8.031372874129517,88.06129579763218,245.4803037281181,189.26069360921147,189.26069360921147,3.3664533284545715,3.3664533284545715,1,68371183
10.0,8.031372874129517,88.52047672849248,245.06379296955578,188.84418285064916,188.84418285064916,3.3590446901221216,3.3590446901221216,1,68371183
10.0,8.031372874129517,88.97965765935278,244.4222824084742,188.20267228956757,188.20267228956757,3.347633893075953,3.347633893075953,1,68371183
10.0,8.031372874129517,89.4388385902131,243.52000029115013,187.3003901722435,187.3003901722435,3.331584651264853,3.331584651264853,1,68371183
10.0,8.031372874129517,89.8980195210734,242.3047136228434,186.08510350393678,186.08510350393678,3.309967876162067,3.309967876162067,1,68371183
10.0,8.031372874129517,90.35720045193369,240.73269530469184,184.51308518578523,184.51308518578523,3.282005776908325,3.282005776908325,1,68371183
10.0,8.031372874129517,90.81638138279399,238.74442666833428,182.52481654942767,182.52481654942767,3.246639671875716,3.246639671875716,1,68371183
10.0,8.031372874129517,91.27556231365429,236.28695516252145,180.06734504361484,180.06734504361484,3.202927673506905,3.202927673506905,1,68371183
10.0,8.031372874129517,91.73474324451459,233.31337442030858,177.09376430140196,177.09376430140196,3.150035440068722,3.150035440068722,1,68371183
10.0,8.031372874129517,92.19392417537489,229.7697059242498,173.55009580534318,173.55009580534318,3.0870028347453515,3.0870028347453515,1,68371183
10.0,8.031372874129517,92.65310510623519,225.62168041052507,169.40207029161846,169.40207029161846,3.013220296855966,3.013220296855966,1,68371183
10.0,8.031372874129517,93.11228603709549,220.83583006846433,164.61621994955772,164.61621994955772,2.9280925214776152,2.9280925214776152,1,68371183
10.0,8.031372874129517,93.57146696795579,137.37042811519623,81.15081799628962,81.15081799628962,1.44346105966677,1.44346105966677,1,68371183
10.0,8.031372874129517,94.03064789881608,132.9437332400181,76.72412312111149,76.72412312111149,1.3647217218126744,1.3647217218126744,1,68371183
10.0,8.031372874129517,94.4898288296764,128.3656782607585,72.14606814185188,72.14606814185188,1.2832900831090825,1.2832900831090825,1,68371183
10.0,8.031372874129517,94.9490097605367,123.63205569163266,67.41244557272604,67.41244557272604,1.1990913033752129,1.1990913033752129,1,68371183
10.0,8.031372874129517,95.408190691397,118.73856741293574,62.51895729402912,62.51895729402912,1.1120489302896115,1.1120489302896115,1,68371183
10.0,8.031372874129517,95.8673716222573,113.68082410086372,57.4612139819571,57.4612139819571,1.0220848892481547,1.0220848892481547,1,68371183
10.0,8.031372874129517,96.3265525531176,108.45434480849453,52.23473468958791,52.23473468958791,0.929119475910798,0.929119475910798,1,68371183
10.0,8.031372874129517,96.78573348397789,103.05455670212876,46.83494658322215,46.83494658322215,0.833071351511767,0.833071351511767,1,68371183
10.0,8.031372874129517,97.24491441483819,97.47679495532583,41.25718483641921,41.25718483641921,0.7338575409747363,0.7338575409747363,1,68371183
10.0,8.031372874129517,97.7040953456985,91.71630280116094,35.49669268225432,35.49669268225432,0.6313934338423455,0.6313934338423455,1,68371183
10.0,8.031372874129517,98.1632762765588,85.76823174169292,29.5486216227863,29.5486216227863,0.525592788002084,0.525592788002084,1,68371183
10.0,8.031372874129517,98.6224572074191,79.62764191134939,23.40803179244277,23.40803179244277,0.41636773614996425,0.41636773614996425,1,68371183
10.0,8.031372874129517,99.0816381382794,73.28950258970711,17.069892470800497,17.069892470800497,0.30362879491154465,0.30362879491154465,1,68371183
10.0,8.031372874129517,99.5408190691397,66.74869285695354,10.529082738046924,10.529082738046924,0.18728487650087777,0.18728487650087777,1,68371183
10.0,8.031372874129517,100.0,60.00000238418582,3.780392265279204,3.780392265279204,0.06724330277786578,0.06724330277786578,1,68371183
10.0,8.346487280306977,88.17181186881284,247.27194064884105,188.8465296866922,188.8465296866922,3.232267032045992,3.232267032045992,1,65197756
10.0,8.346487280306977,88.59424715921239,246.95200529805402,188.52659433590517,188.52659433590517,3.2267910696947077,3.2267910696947077,1,65197756
10.0,8.346487280306977,89.01668244961192,246.44098304689234,188.0155720847435,188.0155720847435,3.2180444944846034,3.2180444944846034,1,65197756
10.0,8.346487280306977,89.43911774001145,245.71149630044783,187.286085338299,187.286085338299,3.2055587158750685,3.2055587158750685,1,65197756
10.0,8.346487280306977,89.861553030411,244.72274968649785,186.297338724349,186.297338724349,3.1886354867925966,3.1886354867925966,1,65197756
10.0,8.346487280306977,90.28398832081055,243.43686081032251,185.01144984817367,185.01144984817367,3.166626418221245,3.166626418221245,1,65197756
10.0,8.346487280306977,90.70642361121008,241.80923029305004,183.3838193309012,183.3838193309012,3.1387681543174284,3.1387681543174284,1,65197756
10.0,8.346487280306977,91.12885890160962,239.79808334439468,181.37267238224584,181.37267238224584,3.104345684444546,3.104345684444546,1,65197756
10.0,8.346487280306977,91.55129419200917,237.3581679155408,178.93275695339196,178.93275695339196,3.062584481764524,3.062584481764524,1,65197756
10.0,8.346487280306977,91.97372948240871,234.44952163996447,176.02411067781563,176.02411067781563,3.012800556796316,3.012800556796316,1,65197756
10.0,8.346487280306977,92.39616477280825,231.03461063951585,172.609199677367,172.609199677367,2.954351485677912,2.954351485677912,1,65197756
10.0,8.346487280306977,92.81860006320778,227.07794656622877,168.65253560407993,168.65253560407993,2.886629855515132,2.886629855515132,1,65197756
10.0,8.346487280306977,93.24103535360733,222.55661976895504,164.1312088068062,164.1312088068062,2.809243548378963,2.809243548378963,1,65197756
10.0,8.346487280306977,93.66347064400688,137.1074943547529,78.68208339260406,78.68208339260406,1.3467099691190634,1.3467099691190634,1,65197756
10.0,8.346487280306977,94.08590593440641,132.97770011771297,74.55228915556413,74.55228915556413,1.2760250707327185,1.2760250707327185,1,65197756
10.0,8.346487280306977,94.50834122480596,128.71855128571465,70.29314032356581,70.29314032356581,1.2031261597647216,1.2031261597647216,1,65197756
10.0,8.346487280306977,94.93077651520551,124.32677151115833,65.90136054900948,65.90136054900948,1.127957158772986,1.127957158772986,1,65197756
10.0,8.346487280306977,95.35321180560504,119.7990208892567,61.37360992710785,61.37360992710785,1.0504609024807545,1.0504609024807545,1,65197756
10.0,8.346487280306977,95.77564709600459,115.13189553258732,56.70648457043848,56.70648457043848,0.9705791304947092,0.9705791304947092,1,65197756
10.0,8.346487280306977,96.19808238640414,110.32192722777913,51.89651626563028,51.89651626563028,0.8882524814288711,0.8882524814288711,1,65197756
10.0,8.346487280306977,96.62051767680367,105.36558317742548,46.94017221527663,46.94017221527663,0.8034204884872274,0.8034204884872274,1,65197756
10.0,8.346487280306977,97.0429529672032,100.25926582952563,41.833854867376786,41.833854867376786,0.7160215765444771,0.7160215765444771,1,65197756
10.0,8.346487280306977,97.46538825760275,94.99931279563022,36.57390183348137,36.57390183348137,0.6259930607450229,0.6259930607450229,1,65197756
10.0,8.346487280306977,97.8878235480023,89.58199685830033,31.156585896151483,31.156585896151483,0.5332711466306401,0.5332711466306401,1,65197756
10.0,8.346487280306977,98.31025883840184,84.00352606743961,25.578115105290763,25.578115105290763,0.4377909317892801,0.4377909317892801,1,65197756
10.0,8.346487280306977,98.73269412880137,78.26004392406678,19.834632961917933,19.834632961917933,0.3394864090004927,0.3394864090004927,1,65197756
10.0,8.346487280306977,99.15512941920092,72.34762964965962,13.922218687510778,13.922218687510778,0.2382904708454742,0.2382904708454742,1,65197756
10.0,8.346487280306977,99.57756470960047,66.26229853773152,7.836887575582679,7.836887575582679,0.13413491572459527,0.13413491572459527,1,65197756
10.0,8.346487280306977,100.0,60.00000238418582,1.574591422036974,1.574591422036974,0.02695045522327742,0.02695045522327742,1,65197756
10.0,8.661601686484437,89.19981652210113,248.19532436999268,187.56411256460163,187.56411256460163,3.0935240609511334,3.0935240609511334,1,70519427
10.0,8.661601686484437,89.58553736059753,247.5357827874671,186.90457098207605,186.90457098207605,3.0826461391203357,3.0826461391203357,1,70519427
10.0,8.661601686484437,89.97125819909391,246.65297381022455,186.0217620048335,186.0217620048335,3.0680858334468137,3.0680858334468137,1,70519427
10.0,8.661601686484437,90.35697903759029,245.51552875553122,184.88431695014017,184.88431695014017,3.0493257753707157,3.0493257753707157,1,70519427
10.0,8.661601686484437,90.74269987608669,244.08886401302942,183.45765220763838,183.45765220763838,3.025795572031205,3.025795572031205,1,70519427
10.0,8.661601686484437,91.12842071458307,242.33688467428763,181.70567286889658,181.70567286889658,2.996899904493417,2.996899904493417,1,70519427
10.0,8.661601686484437,91.51414155307945,240.22748247410584,179.5962706687148,179.5962706687148,2.9621092061489342,2.9621092061489342,1,70519427
10.0,8.661601686484437,91.89986239157585,237.72734879940643,177.09613699401538,177.09613699401538,2.9208741128652287,2.9208741128652287,1,70519427
10.0,8.661601686484437,92.28558323007223,234.8045070849849,174.17329527959384,174.17329527959384,2.8726672301823784,2.8726672301823784,1,70519427
10.0,8.661601686484437,92.67130406856862,231.43097718892673,170.79976538353569,170.79976538353569,2.8170270772709336,2.8170270772709336,1,70519427
10.0,8.661601686484437,93.05702490706501,227.58255029848647,166.95133849309542,166.95133849309542,2.7535543744195934,2.7535543744195934,1,70519427
10.0,8.661601686484437,93.44274574556141,223.23546108863914,162.6042492832481,162.6042492832481,2.681857156428961,2.681857156428961,1,70519427
10.0,8.661601686484437,93.8284665840578,136.10806297527327,75.47685116988222,75.47685116988222,1.2448514374434978,1.2448514374434978,1,70519427
10.0,8.661601686484437,94.21418742255418,132.26406062450985,71.6328488191188,71.6328488191188,1.1814517092127381,1.1814517092127381,1,70519427
10.0,8.661601686484437,94.59990826105056,128.31070017808526,67.67948837269421,67.67948837269421,1.1162483209130987,1.1162483209130987,1,70519427
10.0,8.661601686484437,94.98562909954694,124.24547925439299,63.614267449001936,63.614267449001936,1.049200000375807,1.049200000375807,1,70519427
10.0,8.661601686484437,95.37134993804334,120.06585217959967,59.43464037420862,59.43464037420862,0.9802647614066649,0.9802647614066649,1,70519427
10.0,8.661601686484437,95.75707077653973,115.76922969376834,55.138017888377284,55.138017888377284,0.9093998989390917,0.9093998989390917,1,70519427
10.0,8.661601686484437,96.14279161503612,111.35297869957152,50.72176689418047,50.72176689418047,0.8365619848896129,0.8365619848896129,1,70519427
10.0,8.661601686484437,96.5285124535325,106.81442205540894,46.183210250017886,46.183210250017886,0.7617068647457164,0.7617068647457164,1,70519427
10.0,8.661601686484437,96.9142332920289,102.1508384145206,41.51962660912955,41.51962660912955,0.6847896549123205,0.6847896549123205,1,70519427
10.0,8.661601686484437,97.2999541305253,97.35946211126874,36.72825030587769,36.72825030587769,0.6057647408362037,0.6057647408362037,1,70519427
10.0,8.661601686484437,97.68567496902168,92.43748309533046,31.80627128993941,31.80627128993941,0.5245857759206347,0.5245857759206347,1,70519427
10.0,8.661601686484437,98.07139580751806,87.38204691418223,26.750835108791172,26.750835108791172,0.441205681236485,0.441205681236485,1,70519427
10.0,8.661601686484437,98.45711664601444,82.19025474375913,21.559042938368073,21.559042938368073,0.35557664602789846,0.35557664602789846,1,70519427
10.0,8.661601686484437,98.84283748451082,76.85916346705213,16.227951661661074,16.227951661661074,0.2676501290086067,0.2676501290086067,1,70519427
10.0,8.661601686484437,99.22855832300722,71.38578579931045,10.7545739939194,10.7545739939194,0.1773768604269122,0.1773768604269122,1,70519427
10.0,8.661601686484437,99.59343459894563,66.07449291592938,5.443281110538329,5.443281110538329,0.08977688138593888,0.08977688138593888,1,70519427
10.0,8.661601686484437,99.95831087488406,60.63056242333994,-0.0006493820511153103,0.0006493820511153103,-1.0710359100188234e-5,1.0710359100188234e-5,1,70519427
10.0,8.661601686484437,99.97915543744203,60.315503386126636,-0.31570841926441773,0.31570841926441773,-0.005207028028365192,0.005207028028365192,1,70519427
10.0,8.661601686484437,100.0,60.00000238418582,-0.6312094212052344,0.6312094212052344,-0.010410635090574095,0.010410635090574095,1,70519427
10.0,8.976716092661897,90.22777956285118,248.138367959185,185.3013553105517,185.3013553105517,2.9489205087884147,2.9489205087884147,1,67389741
10.0,8.976716092661897,90.57678743560649,247.0355648945222,184.19855224588892,184.19855224588892,2.9313702940633872,2.9313702940633872,1,67389741
10.0,8.976716092661897,90.92579530836181,245.67838860470735,182.84137595607407,182.84137595607407,2.90977193614329,2.90977193614329,1,67389741
10.0,8.976716092661897,91.27480318111714,244.04256409265932,181.20555144402604,181.20555144402604,2.8837391181734877,2.8837391181734877,1,67389741
10.0,8.976716092661897,91.62381105387244,242.10160086324913,179.26458821461586,179.26458821461586,2.8528502654480485,2.8528502654480485,1,67389741
10.0,8.976716092661897,91.97281892662775,239.82905331446884,176.99204066583556,176.99204066583556,2.8166845176985857,2.8166845176985857,1,67389741
10.0,8.976716092661897,92.32182679938308,237.20070668136603,174.36369403273275,174.36369403273275,2.7748565166158516,2.7748565166158516,1,67389741
10.0,8.976716092661897,92.6708346721384,234.19714124598124,171.36012859734797,171.36012859734797,2.7270572131674227,2.7270572131674227,1,67389741
10.0,8.976716092661897,93.0198425448937,230.7977948409435,167.96078219231023,167.96078219231023,2.6729593771667535,2.6729593771667535,1,67389741
10.0,8.976716092661897,93.36885041764901,226.98487672922323,164.14786408058995,164.14786408058995,2.6122798834893404,2.6122798834893404,1,67389741
10.0,8.976716092661897,93.71785829040434,137.7981260593793,74.96111341074604,74.96111341074604,1.19294521255979,1.19294521255979,1,67389741
10.0,8.976716092661897,94.06686616315966,134.32340923782155,71.48639658918827,71.48639658918827,1.1376479176201435,1.1376479176201435,1,67389741
10.0,8.976716092661897,94.41587403591497,130.75937034067343,67.92235769204015,67.92235769204015,1.0809291344234118,1.0809291344234118,1,67389741
10.0,8.976716092661897,94.76488190867028,127.10417228553729,64.26715963690401,64.26715963690401,1.0227596272959012,1.0227596272959012,1,67389741
10.0,8.976716092661897,95.1138897814256,123.35594972615604,60.51893707752276,60.51893707752276,0.9631097107675607,0.9631097107675607,1,67389741
10.0,8.976716092661897,95.4628976541809,119.51280884326466,56.67579619463138,56.67579619463138,0.9019492462435528,0.9019492462435528,1,67389741
10.0,8.976716092661897,95.81190552693621,115.57282715480025,52.73581450616697,52.73581450616697,0.8392476389839004,0.8392476389839004,1,67389741
10.0,8.976716092661897,96.16091339969154,111.53405334713368,48.697040698500395,48.697040698500395,0.7749738354176766,0.7749738354176766,1,67389741
10.0,8.976716092661897,96.50992127244685,107.39450712820312,44.55749447956983,44.55749447956983,0.7090963208057436,0.7090963208057436,1,67389741
10.0,8.976716092661897,96.85892914520215,103.15217910337934,40.315166454746056,40.315166454746056,0.6415831172652495,0.6415831172652495,1,67389741
10.0,8.976716092661897,97.20793701795748,98.80503067494178,35.96801802630849,35.96801802630849,0.5724017821698721,0.5724017821698721,1,67389741
10.0,8.976716092661897,97.5569448907128,94.35099396579774,31.513981317164458,31.513981317164458,0.501519406935872,0.501519406935872,1,67389741
10.0,8.976716092661897,97.90595276346811,89.78797176780047,26.950959119167187,26.950959119167187,0.42890261619961617,0.42890261619961617,1,67389741
10.0,8.976716092661897,98.25496063622342,85.11383751477716,22.276824866143876,22.276824866143876,0.35451756738834084,0.35451756738834084,1,67389741
10.0,8.976716092661897,98.60396850897874,80.32643528076233,17.489422632129042,17.489422632129042,0.27832995069203753,0.27832995069203753,1,67389741
10.0,8.976716092661897,98.95297638173406,75.42357980273664,12.586567154103356,12.586567154103356,0.20030498942532265,0.20030498942532265,1,67389741
10.0,8.976716092661897,99.30198425448937,70.40305652816969,7.566043879536402,7.566043879536402,0.12040744078404186,0.12040744078404186,1,67389741
10.0,8.976716092661897,99.55737331926872,66.6534025973392,3.816389948705911,3.816389948705911,0.06073474514210405,0.06073474514210405,1,67389741
10.0,8.976716092661897,99.81276238404807,62.838651300955526,0.001638652322242251,0.001638652322242251,2.6077820271392105e-5,2.6077820271392105e-5,1,67389741
10.0,8.976716092661897,99.90638119202404,61.423783099590686,-1.4132295490425975,1.4132295490425975,-0.022490399996336164,0.022490399996336164,1,67389741
10.0,8.976716092661897,100.0,60.00000238418582,-2.837010264447464,2.837010264447464,-0.045148713232298604,0.045148713232298604,1,67389741
10.0,9.291830498839357,91.2553646336055,246.51156630282156,181.46875281094606,181.46875281094606,2.7899892865737326,2.7899892865737326,1,69693885
10.0,9.291830498839357,91.56767303954815,244.86957904764625,179.82676555577075,179.82676555577075,2.764744572099928,2.764744572099928,1,69693885
10.0,9.291830498839357,91.87998144549081,242.96314672980193,177.92033323792646,177.92033323792646,2.7354341500026056,2.7354341500026056,1,69693885
10.0,9.291830498839357,92.19228985143349,240.77621879730683,175.73340530543135,175.73340530543135,2.70181125125195,2.70181125125195,1,69693885
10.0,9.291830498839357,92.50459825737614,238.28573824495064,173.24292475307516,173.24292475307516,2.6635213861822713,2.6635213861822713,1,69693885
10.0,9.291830498839357,92.8169066633188,235.4840454962864,170.4412320044109,170.4412320044109,2.620446792722162,2.620446792722162,1,69693885
10.0,9.291830498839357,93.12921506926146,232.35037146873154,167.30755797685606,167.30755797685606,2.572268156846482,2.572268156846482,1,69693885
10.0,9.291830498839357,93.44152347520412,228.8795221960331,163.83670870415762,163.83670870415762,2.5189056239798497,2.5189056239798497,1,69693885
10.0,9.291830498839357,93.75383188114678,138.0486628936651,73.0058494017896,73.0058494017896,1.1224276054864812,1.1224276054864812,1,69693885
10.0,9.291830498839357,94.06614028708944,134.90919636095387,69.86638286907838,69.86638286907838,1.0741599128058228,1.0741599128058228,1,69693885
10.0,9.291830498839357,94.3784486930321,131.6977566187025,66.654943126827,66.654943126827,1.0247856688295454,1.0247856688295454,1,69693885
10.0,9.291830498839357,94.69075709897476,128.4130304772741,63.37021698539861,63.37021698539861,0.9742846839384369,0.9742846839384369,1,69693885
10.0,9.291830498839357,95.00306550491743,125.0536870574127,60.01087356553721,60.01087356553721,0.9226364965444365,0.9226364965444365,1,69693885
10.0,9.291830498839357,95.31537391086009,121.61837765837984,56.57556416650435,56.57556416650435,0.869820371063303,0.869820371063303,1,69693885
10.0,9.291830498839357,95.62768231680275,118.10573563445978,53.062922142584284,53.062922142584284,0.8158152960159447,0.8158152960159447,1,69693885
10.0,9.291830498839357,95.9399907227454,114.51437628040676,49.47156278853127,49.47156278853127,0.7605999822672304,0.7605999822672304,1,69693885
10.0,9.291830498839357,96.25229912868807,110.84289672653334,45.80008323465785,45.80008323465785,0.7041528614130251,0.7041528614130251,1,69693885
10.0,9.291830498839357,96.56460753463074,107.08987584393094,42.04706235205545,42.04706235205545,0.646452084323006,0.646452084323006,1,69693885
10.0,9.291830498839357,96.8769159405734,103.25387416023219,38.211060668356694,38.211060668356694,0.5874755198455498,0.5874755198455498,1,69693885
10.0,9.291830498839357,97.18922434651606,99.33343378652019,34.2906202946447,34.2906202946447,0.5272007536840014,0.5272007536840014,1,69693885
10.0,9.291830498839357,97.50153275245871,95.32707835556543,30.28426486368994,30.28426486368994,0.4656050874470975,0.4656050874470975,1,69693885
10.0,9.291830498839357,97.81384115840137,91.23331297180744,26.190499479931944,26.190499479931944,0.4026655378799597,0.4026655378799597,1,69693885
10.0,9.291830498839357,98.12614956434403,87.05062417311919,22.007810681243697,22.007810681243697,0.3383588362762428,0.3383588362762428,1,69693885
10.0,9.291830498839357,98.43845797028669,82.77747990481187,17.734666412936377,17.734666412936377,0.27266142807847044,0.27266142807847044,1,69693885
10.0,9.291830498839357,98.75076637622935,78.41232950564279,13.369516013767296,13.369516013767296,0.20554947266291432,0.20554947266291432,1,69693885
10.0,9.291830498839357,99.06307478217201,73.95360370605819,8.910790214182697,8.910790214182697,0.1369988433125782,0.1369988433125782,1,69693885
10.0,9.291830498839357,99.37538318811468,69.39971463846828,4.35690114659279,4.35690114659279,0.0669851273751713,0.0669851273751713,1,69693885
10.0,9.291830498839357,99.52176047866885,67.23212299357999,2.1893095017045,2.1893095017045,0.03365951415951536,0.03365951415951536,1,69693885
10.0,9.291830498839357,99.66813776922302,65.04310695256301,0.0002934606875157897,0.0002934606875157897,4.511808019381663e-6,4.511808019381663e-6,1,69693885
10.0,9.291830498839357,99.83406888461151,62.535550598717286,-2.507262893158206,2.507262893158206,-0.03854788497842868,0.03854788497842868,1,69693885
10.0,9.291830498839357,100.0,60.00000238418582,-5.042811107689673,5.042811107689673,-0.0775306423102311,0.0775306423102311,1,69693885
10.0,9.606944905016816,92.28262811596227,242.56968819193287,175.32107385681516,175.32107385681516,2.607058533327448,2.607058533327448,1,68506549
10.0,9.606944905016816,92.55824854039219,240.35148963640484,173.10287530128713,173.10287530128713,2.5740734885431173,2.5740734885431173,1,68506549
10.0,9.606944905016816,92.8338689648221,237.88092084118043,170.63230650606272,170.63230650606272,2.5373356491147403,2.5373356491147403,1,68506549
10.0,9.606944905016816,93.10948938925202,235.14746581028055,167.89885147516284,167.89885147516284,2.49668864013284,2.49668864013284,1,68506549
10.0,9.606944905016816,93.38510981368195,232.14481963925124,164.89620530413353,164.89620530413353,2.45203870643954,2.45203870643954,1,68506549
10.0,9.606944905016816,93.66073023811187,139.58314954310072,72.33453520798301,72.33453520798301,1.0756286344804193,1.0756286344804193,1,68506549
10.0,9.606944905016816,93.93635066254178,136.81195515476438,69.56334081964667,69.56334081964667,1.0344204338991145,1.0344204338991145,1,68506549
10.0,9.606944905016816,94.2119710869717,133.98477289848975,66.73615856337204,66.73615856337204,0.9923796828111289,0.9923796828111289,1,68506549
10.0,9.606944905016816,94.48759151140162,131.10070715807572,63.852092822958014,63.852092822958014,0.9494930632290217,0.9494930632290217,1,68506549
10.0,9.606944905016816,94.76321193583154,128.15885188773584,60.91023755261813,60.91023755261813,0.905747102075386,0.905747102075386,1,68506549
10.0,9.606944905016816,95.03883236026145,125.15829053418109,57.909676199063384,57.909676199063384,0.8611281700242043,0.8611281700242043,1,68506549
10.0,9.606944905016816,95.31445278469138,122.09809596156622,54.84948162644851,54.84948162644851,0.8156224803847849,0.8156224803847849,1,68506549
10.0,9.606944905016816,95.5900732091213,118.97733037983923,51.72871604472152,51.72871604472152,0.7692160880363065,0.7692160880363065,1,68506549
10.0,9.606944905016816,95.86569363355122,115.79504527660066,48.54643094148295,48.54643094148295,0.7218948884145507,0.7218948884145507,1,68506549
10.0,9.606944905016816,96.14131405798113,112.55028135286587,45.30166701774816,45.30166701774816,0.6736446165566761,0.6736446165566761,1,68506549
10.0,9.606944905016816,96.41693448241105,109.24206846285801,41.99345412774031,41.99345412774031,0.6244508462059273,0.6244508462059273,1,68506549
10.0,9.606944905016816,96.69255490684097,105.86942555829508,38.62081122317737,38.62081122317737,0.5742989889831723,0.5742989889831723,1,68506549
10.0,9.606944905016816,96.96817533127088,102.43136063711226,35.182746301994555,35.182746301994555,0.5231742936243948,0.5231742936243948,1,68506549
10.0,9.606944905016816,97.24379575570082,98.92687069706226,31.67825636194455,31.67825636194455,0.47106184529072054,0.47106184529072054,1,68506549
10.0,9.606944905016816,97.51941618013073,95.35494169426991,28.106327359152203,28.106327359152203,0.41794656495211796,0.41794656495211796,1,68506549
10.0,9.606944905016816,97.79503660456065,91.71454850688306,24.465934171765355,24.465934171765355,0.36381320884687834,0.36381320884687834,1,68506549
10.0,9.606944905016816,98.07065702899057,88.00465490400032,20.75604056888261,20.75604056888261,0.30864636801956613,0.30864636801956613,1,68506549
10.0,9.606944905016816,98.34627745342048,84.22421351987141,16.975599184753705,16.975599184753705,0.25243046793737317,0.25243046793737317,1,68506549
10.0,9.606944905016816,98.6218978778504,80.3721658336879,13.123551498570194,13.123551498570194,0.19514976818960242,0.19514976818960242,1,68506549
10.0,9.606944905016816,98.89751830228032,76.44744215469898,9.198827819581268,9.198827819581268,0.13678836226633706,0.13678836226633706,1,68506549
10.0,9.606944905016816,99.17313872671025,72.44896161299928,5.200347277881576,5.200347277881576,0.07733017742145384,0.07733017742145384,1,68506549
10.0,9.606944905016816,99.44875915114017,68.37563215572662,1.1270178206089128,1.1270178206089128,0.016758974616081806,0.016758974616081806,1,68506549
10.0,9.606944905016816,99.48645062109566,67.81272012188403,0.5641057867663193,0.5641057867663193,0.008388362977343002,0.008388362977343002,1,68506549
10.0,9.606944905016816,99.52414209105115,67.24838489118433,-0.00022944393337809288,0.00022944393337809288,-3.4118760014104205e-6,3.4118760014104205e-6,1,68506549
10.0,9.606944905016816,99.76207104552557,63.65296558577544,-3.595648749342267,3.595648749342267,-0.05346799759210196,0.05346799759210196,1,68506549
10.0,9.606944905016816,100.0,60.00000238418582,-7.248611950931888,7.248611950931888,-0.10778827225807404,0.10778827225807404,1,68506549
10.0,9.922059311194277,93.30996775550352,235.50807412381394,166.053658945454,166.053658945454,2.390829416949604,2.390829416949604,1,65532448
10.0,9.922059311194277,93.54889747852125,232.75862439464146,163.30420921628152,163.30420921628152,2.35124302460706,2.35124302460706,1,65532448
10.0,9.922059311194277,93.78782720153899,138.9139565753283,69.45954139696838,69.45954139696838,1.0000738069508652,1.0000738069508652,1,65532448
10.0,9.922059311194277,94.02675692455671,136.47261514424122,67.01819996588128,67.01819996588128,0.9649235371686246,0.9649235371686246,1,65532448
10.0,9.922059311194277,94.26568664757444,133.98871551488838,64.53430033652845,64.53430033652845,0.9291605173091363,0.9291605173091363,1,65532448
10.0,9.922059311194277,94.50461637059217,131.46167335189423,62.0072581735343,62.0072581735343,0.8927763341509501,0.8927763341509501,1,65532448
10.0,9.922059311194277,94.74354609360991,128.8908985658083,59.43648338744836,59.43648338744836,0.8557624916258328,0.8557624916258328,1,65532448
10.0,9.922059311194277,94.98247581662764,126.27579527266693,56.82138009430699,56.82138009430699,0.8181104102365395,0.8181104102365395,1,65532448
10.0,9.922059311194277,95.22140553964537,123.61576175452545,54.16134657616551,54.16134657616551,0.7798114264885594,0.7798114264885594,1,65532448
10.0,9.922059311194277,95.46033526266311,120.91019042102833,51.455775242668395,51.455775242668395,0.7408567923368042,0.7408567923368042,1,65532448
10.0,9.922059311194277,95.69926498568084,118.1584677721971,48.70405259383716,48.70405259383716,0.7012376746498326,0.7012376746498326,1,65532448
10.0,9.922059311194277,95.93819470869857,115.35997436259147,45.905559184231535,45.905559184231535,0.6609451546938434,0.6609451546938434,1,65532448
10.0,9.922059311194277,96.1771244317163,112.51408476667629,43.05966958831635,43.05966958831635,0.6199702276340316,0.6199702276340316,1,65532448
10.0,9.922059311194277,96.41605415473403,109.62016754596984,40.1657523676099,40.1657523676099,0.578303802061592,0.578303802061592,1,65532448
10.0,9.922059311194277,96.65498387775176,106.67758521766876,37.223170039308826,37.223170039308826,0.5359366995419829,0.5359366995419829,1,65532448
10.0,9.922059311194277,96.8939136007695,103.68569422491838,34.23127904655844,34.23127904655844,0.4928596541868796,0.4928596541868796,1,65532448
10.0,9.922059311194277,97.13284332378723,100.6438449091699,31.189429730809962,31.189429730809962,0.44906331225617635,0.44906331225617635,1,65532448
10.0,9.922059311194277,97.37177304680495,97.55138148410171,28.096966305741773,28.096966305741773,0.404538231782506,0.404538231782506,1,65532448
10.0,9.922059311194277,97.61070276982268,94.4076420116868,24.953226833326866,24.953226833326866,0.35927488222666076,0.35927488222666076,1,65532448
10.0,9.922059311194277,97.84963249284041,91.2119583802721,21.757543201912156,21.757543201912156,0.3132636441619798,0.3132636441619798,1,65532448
10.0,9.922059311194277,98.08856221585815,87.9636562847508,18.50924110639086,18.50924110639086,0.26649480898887223,0.26649480898887223,1,65532448
10.0,9.922059311194277,98.32749193887588,84.66205520883574,15.207640030475801,15.207640030475801,0.2189585786795895,0.2189585786795895,1,65532448
10.0,9.922059311194277,98.56642166189361,81.30646840954083,11.85205323118089,11.85205323118089,0.1706450655547908,0.1706450655547908,1,65532448
10.0,9.922059311194277,98.80535138491135,77.89620290395838,8.441787725598445,8.441787725598445,0.12154429209316374,0.12154429209316374,1,65532448
10.0,9.922059311194277,99.04428110792908,74.43055945816444,4.976144279804501,4.976144279804501,0.07164619077168372,0.07164619077168372,1,65532448
10.0,9.922059311194277,99.21252276551135,71.95662965126405,2.5022144729041145,2.5022144729041145,0.03602671574554896,0.03602671574554896,1,65532448
10.0,9.922059311194277,99.38076442309364,69.45464434078806,0.00022916242812698329,0.00022916242812698329,3.2994652325340424e-6,3.2994652325340424e-6,1,65532448
10.0,9.922059311194277,99.45145248852909,68.39498511327616,-1.0594300650837738,1.0594300650837738,-0.015253602846746922,0.015253602846746922,1,65532448
10.0,9.922059311194277,99.52214055396453,67.33031050516158,-2.12410467319836,2.12410467319836,-0.030582716271436865,0.030582716271436865,1,65532448
10.0,9.922059311194277,99.76107027698227,63.69427520788988,-5.760139970470057,5.760139970470057,-0.08293410801427,0.08293410801427,1,65532448
10.0,9.922059311194277,100.0,60.00000238418582,-9.454412794174118,9.454412794174118,-0.13612399974710104,0.13612399974710104,1,65532448
10.0,10.237173717371736,94.3384714564498,133.7788036472046,62.118587625602444,62.118587625602444,0.8668490143383972,0.8668490143383972,1,68021983
10.0,10.237173717371736,94.54066890443373,131.61445877990553,59.95424275830338,59.95424275830338,0.8366461348683351,0.8366461348683351,1,68021983
10.0,10.237173717371736,94.74286635241766,129.41854218569165,57.758326164089496,57.758326164089496,0.8060026800181304,0.8060026800181304,1,68021983
10.0,10.237173717371736,94.9450638004016,127.19069317404917,55.53047715244702,55.53047715244702,0.7749136164438468,0.7749136164438468,1,68021983
10.0,10.237173717371736,95.14726124838553,124.9305481337156,53.27033211211345,53.27033211211345,0.7433738700432465,0.7433738700432465,1,68021983
10.0,10.237173717371736,95.34945869636948,122.63774051477864,50.97752449317649,50.97752449317649,0.7113783257059842,0.7113783257059842,1,68021983
10.0,10.237173717371736,95.55165614435342,120.31190081084554,48.65168478924339,48.65168478924339,0.6789218270647861,0.6789218270647861,1,68021983
10.0,10.237173717371736,95.75385359233735,117.95265654174999,46.292440520147835,46.292440520147835,0.6459991762541277,0.6459991762541277,1,68021983
10.0,10.237173717371736,95.95605104032128,115.55963223659032,43.899416214988165,43.899416214988165,0.6126051336735375,0.6126051336735375,1,68021983
10.0,10.237173717371736,96.15824848830522,113.1324494171771,41.472233395574946,41.472233395574946,0.5787344177566118,0.5787344177566118,1,68021983
10.0,10.237173717371736,96.36044593628915,110.67072658196358,39.010510560361425,39.010510560361425,0.5443817047467678,0.5443817047467678,1,68021983
10.0,10.237173717371736,96.56264338427309,108.17407919057322,36.51386316897107,36.51386316897107,0.5095416284813302,0.5095416284813302,1,68021983
10.0,10.237173717371736,96.76484083225702,105.64211964870023,33.98190362709808,33.98190362709808,0.4742087801808209,0.4742087801808209,1,68021983
10.0,10.237173717371736,96.96703828024096,103.07445729374923,31.41424127214708,31.41424127214708,0.4383777082485654,0.4383777082485654,1,68021983
10.0,10.237173717371736,97.16923572822489,100.47069838095375,28.810482359351596,28.810482359351596,0.4020429180769788,0.4020429180769788,1,68021983
10.0,10.237173717371736,97.37143317620882,97.83044607019515,26.170230048592998,26.170230048592998,0.36519887186362815,0.36519887186362815,1,68021983
10.0,10.237173717371736,97.57363062419277,95.15330041349524,23.493084391893092,23.493084391893092,0.32783998843669465,0.32783998843669465,1,68021983
10.0,10.237173717371736,97.77582807217671,92.4388583430997,20.778642321497543,20.778642321497543,0.28996064308868075,0.28996064308868075,1,68021983
10.0,10.237173717371736,97.97802552016064,89.68671366045027,18.026497638848113,18.026497638848113,0.2515551674225205,0.2515551674225205,1,68021983
10.0,10.237173717371736,98.18022296814458,86.8964570256771,15.236241004074941,15.236241004074941,0.2126178492049471,0.2126178492049471,1,68021983
10.0,10.237173717371736,98.38242041612851,84.06767594796943,12.407459926367281,12.407459926367281,0.17314293223211916,0.17314293223211916,1,68021983
10.0,10.237173717371736,98.58461786411245,81.1999547767542,9.539738755152044,9.539738755152044,0.1331246162065192,0.1331246162065192,1,68021983
10.0,10.237173717371736,98.78681531209638,78.29287469355441,6.632658671952257,6.632658671952257,0.0925570566233407,0.0925570566233407,1,68021983
10.0,10.237173717371736,98.98901276008033,75.3460137046724,3.6857976830702484,3.6857976830702484,0.05143436466838385,0.05143436466838385,1,68021983
10.0,10.237173717371736,99.19121020806426,72.35894663473873,0.6987306131365756,0.6987306131365756,0.0097506071280324,0.0097506071280324,1,68021983
10.0,10.237173717371736,99.21466534658178,72.00982137678436,0.3496053551822058,0.3496053551822058,0.004878653381072929,0.004878653381072929,1,68021983
10.0,10.237173717371736,99.2381204850993,71.66014866292413,-6.73586780237656e-5,6.73586780237656e-5,-9.399731366070703e-7,9.399731366070703e-7,1,68021983
10.0,10.237173717371736,99.41686279456572,68.9773783474161,-2.6828376741860467,2.6828376741860467,-0.03743831407621348,0.03743831407621348,1,68021983
10.0,10.237173717371736,99.59560510403213,66.26247760865941,-5.3977384129427435,5.3977384129427435,-0.07532406002398292,0.07532406002398292,1,68021983
10.0,10.237173717371736,99.79780255201607,63.152209346542804,-8.508006675059349,8.508006675059349,-0.11872705871406512,0.11872705871406512,1,68021983
10.0,10.237173717371736,100.0,60.00000238418582,-11.660213637416334,11.660213637416334,-0.16271530124750577,0.16271530124750577,1,68021983
