c,p,vb,debt,debt_diff,abs_debt_diff,debt_per_diff,abs_debt_per_diff,count,time
9.5,62.7494499449945,47.521852770079825,64.82377940012144,2.074329455126936,2.074329455126936,0.033057332884117246,0.033057332884117246,1,73120123
9.5,62.7494499449945,49.39607231400555,64.82295261226407,2.0735026672695724,2.0735026672695724,0.033044156866509314,0.033044156866509314,1,73120123
9.5,62.7494499449945,51.27029185793127,64.82312866645597,2.0736787214614694,2.0736787214614694,0.03304696253559567,0.03304696253559567,1,73120123
9.5,62.7494499449945,53.14451140185699,64.82430586650288,2.07485592150838,2.07485592150838,0.033065722860155376,0.033065722860155376,1,73120123
9.5,62.7494499449945,55.01873094578271,64.82057754541805,2.0711276004235444,2.0711276004235444,0.033006306863870086,0.033006306863870086,1,73120123
9.5,62.7494499449945,56.892950489708426,64.82674728339937,2.0772973384048683,2.0772973384048683,0.03310463024338548,0.03310463024338548,1,73120123
9.5,62.7494499449945,58.767170033634144,64.8209880658199,2.0715381208254016,2.0715381208254016,0.033012849079016464,0.033012849079016464,1,73120123
9.5,62.7494499449945,60.64138957755986,64.82332782264949,2.0738778776549864,2.0738778776549864,0.03305013636729765,0.03305013636729765,1,73120123
9.5,62.7494499449945,62.51560912148559,64.82500107882503,2.0755511338305226,2.0755511338305226,0.033076802038104376,0.033076802038104376,1,73120123
9.5,62.7494499449945,64.38982866541132,64.82186704249963,2.072417097505131,2.072417097505131,0.03302685679829528,0.03302685679829528,1,73120123
9.5,62.7494499449945,66.26404820933703,64.81829802477662,2.0688480797821214,2.0688480797821214,0.0329699795232572,0.0329699795232572,1,73120123
9.5,62.7494499449945,68.13826775326275,64.81252285735256,2.0630729123580593,2.0630729123580593,0.0328779441758697,0.0328779441758697,1,73120123
9.5,62.7494499449945,70.01248729718847,64.80001351275044,2.050563567755937,2.050563567755937,0.03267859032315724,0.03267859032315724,1,73120123
9.5,62.7494499449945,71.88670684111419,64.77982349901109,2.0303735540165846,2.0303735540165846,0.032356834295701214,0.032356834295701214,1,73120123
9.5,62.7494499449945,73.76092638503991,64.74881416799721,1.9993642230027078,1.9993642230027078,0.031862657358037866,0.031862657358037866,1,73120123
9.5,62.7494499449945,75.63514592896563,64.69657266598213,1.947122720987629,1.947122720987629,0.031030116163479615,0.031030116163479615,1,73120123
9.5,62.7494499449945,77.50936547289135,64.6170275015503,1.8675775565557942,1.8675775565557942,0.0297624530285587,0.0297624530285587,1,73120123
9.5,62.7494499449945,79.38358501681708,64.50697422474019,1.757524279745688,1.757524279745688,0.02800860057397021,0.02800860057397021,1,73120123
9.5,62.7494499449945,81.2578045607428,64.35002791517073,1.600577970176225,1.600577970176225,0.02550744224179295,0.02550744224179295,1,73120123
9.5,62.7494499449945,83.13202410466852,64.13840685566117,1.3889569106666713,1.3889569106666713,0.022134965515780872,0.022134965515780872,1,73120123
9.5,62.7494499449945,85.00624364859424,63.87213631661793,1.1226863716234305,1.1226863716234305,0.017891573115104045,0.017891573115104045,1,73120123
9.5,62.7494499449945,86.88046319251995,63.550755829640224,0.8013058846457213,0.8013058846457213,0.012769926833591967,0.012769926833591967,1,73120123
9.5,62.7494499449945,88.75468273644567,63.150898223300956,0.4014482783064537,0.4014482783064537,0.006397638204930226,0.006397638204930226,1,73120123
9.5,62.7494499449945,89.4230923364919,62.986335124782116,0.23688517978761325,0.23688517978761325,0.003775095717894966,0.003775095717894966,1,73120123
9.5,62.7494499449945,90.09150193653814,62.81036790567665,0.060917960682147054,0.060917960682147054,0.0009708126642631464,0.0009708126642631464,1,73120123
9.5,62.7494499449945,90.33552776141552,62.743391720295634,-0.006058224698868742,0.006058224698868742,-9.654625983461714e-5,9.654625983461714e-5,1,73120123
9.5,62.7494499449945,91.29731188041762,62.466200977556774,-0.28324896743772854,0.28324896743772854,-0.004513967336542735,0.004513967336542735,1,73120123
9.5,62.7494499449945,92.50312182429712,61.92080663509894,-0.8286433098955612,0.8286433098955612,-0.013205586831788026,0.013205586831788026,1,73120123
9.5,62.7494499449945,94.37734136822284,61.351881926013895,-1.397568018980607,1.397568018980607,-0.02227219553646606,0.02227219553646606,1,73120123
9.5,62.7494499449945,96.25156091214856,60.78503855674805,-1.9644113882464538,1.9644113882464538,-0.03130563518833131,0.03130563518833131,1,73120123
9.5,62.7494499449945,98.12578045607428,60.296216985945264,-2.453232959049238,2.453232959049238,-0.039095688666589364,0.039095688666589364,1,73120123
9.5,62.7494499449945,100.0,60.000002384185294,-2.749447560809209,2.749447560809209,-0.043816281468910805,0.043816281468910805,1,73120123
9.5,64.27987272411453,48.79233361416466,66.28887566032961,2.009002936215083,2.009002936215083,0.03125399679675171,0.03125399679675171,1,77076710
9.5,64.27987272411453,50.62117884223021,66.28025562442316,2.0003829003086366,2.0003829003086366,0.031119895163672206,0.031119895163672206,1,77076710
9.5,64.27987272411453,52.450024070295754,66.28807799816916,2.0082052740546317,2.0082052740546317,0.031241587591091413,0.031241587591091413,1,77076710
9.5,64.27987272411453,54.2788692983613,66.2818023167531,2.001929592638575,2.001929592638575,0.03114395700860735,0.03114395700860735,1,77076710
9.5,64.27987272411453,56.107714526426854,66.2822841492948,2.00241142518027,2.00241142518027,0.03115145286261694,0.03115145286261694,1,77076710
9.5,64.27987272411453,57.9365597544924,66.28863285374607,2.00876012963154,2.00876012963154,0.031250219462210536,0.031250219462210536,1,77076710
9.5,64.27987272411453,59.765404982557946,66.2807644053871,2.000891681272577,2.000891681272577,0.0311278102534566,0.0311278102534566,1,77076710
9.5,64.27987272411453,61.5942502106235,66.28683673057627,2.006964006461743,2.006964006461743,0.031222277229382762,0.031222277229382762,1,77076710
9.5,64.27987272411453,63.423095438689046,66.28803851850243,2.0081657943879065,2.0081657943879065,0.031240973407132232,0.031240973407132232,1,77076710
9.5,64.27987272411453,65.25194066675459,66.28313459075355,2.003261866639022,2.003261866639022,0.03116468315419518,0.03116468315419518,1,77076710
9.5,64.27987272411453,67.08078589482014,66.27862853976882,1.9987558156542917,1.9987558156542917,0.031094582657822542,0.031094582657822542,1,77076710
9.5,64.27987272411453,68.90963112288568,66.2696801410578,1.989807416943279,1.989807416943279,0.03095537269470673,0.03095537269470673,1,77076710
9.5,64.27987272411453,70.73847635095123,66.2537036677568,1.9738309436422696,1.9738309436422696,0.030706827191675334,0.030706827191675334,1,77076710
9.5,64.27987272411453,72.56732157901678,66.22813079441363,1.9482580702991044,1.9482580702991044,0.030308990788779477,0.030308990788779477,1,77076710
9.5,64.27987272411453,74.39616680708232,66.18999466436281,1.9101219402482883,1.9101219402482883,0.02971570818826012,0.02971570818826012,1,77076710
9.5,64.27987272411453,76.22501203514787,66.1269369758951,1.84706425178058,1.84706425178058,0.028734721671090924,0.028734721671090924,1,77076710
9.5,64.27987272411453,78.05385726321343,66.03164024789115,1.7517675237766213,1.7517675237766213,0.027252193408893413,0.027252193408893413,1,77076710
9.5,64.27987272411453,79.88270249127898,65.90019349442883,1.6203207703143079,1.6203207703143079,0.02520728031414484,0.02520728031414484,1,77076710
9.5,64.27987272411453,81.71154771934452,65.716707751256,1.4368350271414698,1.4368350271414698,0.02235279825939112,0.02235279825939112,1,77076710
9.5,64.27987272411453,83.54039294741007,65.48544308253564,1.205570358421113,1.205570358421113,0.018755020931596283,0.018755020931596283,1,77076710
9.5,64.27987272411453,85.36923817547562,65.16002404901789,0.8801513249033661,0.8801513249033661,0.013692487050821094,0.013692487050821094,1,77076710
9.5,64.27987272411453,87.19808340354116,64.77864472527448,0.49877200115994924,0.49877200115994924,0.007759380658711781,0.007759380658711781,1,77076710
9.5,64.27987272411453,89.02692863160671,64.30073154175938,0.02085881764485009,0.02085881764485009,0.0003244999836010087,0.0003244999836010087,1,77076710
9.5,64.27987272411453,89.05876914543248,64.29146534756956,0.011592623455030093,0.011592623455030093,0.00018034608601023462,0.00018034608601023462,1,77076710
9.5,64.27987272411453,89.09060965925823,64.28216642947248,0.00229370535795681,0.00229370535795681,3.568310360229337e-5,3.568310360229337e-5,1,77076710
9.5,64.27987272411453,89.09829088602838,64.27991825400373,4.5529889206363805e-5,4.5529889206363805e-5,7.083070839572978e-7,7.083070839572978e-7,1,77076710
9.5,64.27987272411453,90.88761437349802,63.70530479240378,-0.5745679317107459,0.5745679317107459,-0.008938535615600205,0.008938535615600205,1,77076710
9.5,64.27987272411453,92.68461908773781,62.83284175290887,-1.4470309712056562,1.4470309712056562,-0.022511416247138958,0.022511416247138958,1,77076710
9.5,64.27987272411453,94.51346431580336,62.10750379989371,-2.1723689242208124,2.1723689242208124,-0.03379547644010581,0.03379547644010581,1,77076710
9.5,64.27987272411453,96.34230954386891,61.33935238358693,-2.9405203405275984,2.9405203405275984,-0.04574558436274665,0.04574558436274665,1,77076710
9.5,64.27987272411453,98.17115477193445,60.59775684044366,-3.6821158836708676,3.6821158836708676,-0.0572825633845651,0.0572825633845651,1,77076710
9.5,64.27987272411453,100.0,60.000002384185294,-4.279870339929232,4.279870339929232,-0.06658181104835392,0.06658181104835392,1,77076710
9.5,65.81029550323454,50.06188436902389,67.74917527828887,1.9388797750543318,1.9388797750543318,0.029461648215195098,0.029461648215195098,1,77629707
9.5,65.81029550323454,51.84538849870161,67.74129712601258,1.9310016227780409,1.9310016227780409,0.02934193818781946,0.02934193818781946,1,77629707
9.5,65.81029550323454,53.62889262837933,67.75085355883193,1.9405580555973927,1.9405580555973927,0.02948715000834505,0.02948715000834505,1,77629707
9.5,65.81029550323454,55.41239675805705,67.7407655101465,1.9304700069119605,1.9304700069119605,0.029333860183276016,0.029333860183276016,1,77629707
9.5,65.81029550323454,57.195900887734766,67.74952904577533,1.9392335425407907,1.9392335425407907,0.029467023779668006,0.029467023779668006,1,77629707
9.5,65.81029550323454,58.97940501741248,67.75018495346008,1.939889450225536,1.939889450225536,0.029476990422117027,0.029476990422117027,1,77629707
9.5,65.81029550323454,60.7629091470902,67.7414435352169,1.9311480319823602,1.9311480319823602,0.02934416290362114,0.02934416290362114,1,77629707
9.5,65.81029550323454,62.54641327676792,67.74803578941072,1.9377402861761794,1.9377402861761794,0.029444333464221272,0.029444333464221272,1,77629707
9.5,65.81029550323454,64.32991740644565,67.74696574618612,1.9366702429515783,1.9366702429515783,0.02942807395320679,0.02942807395320679,1,77629707
9.5,65.81029550323454,66.11342153612335,67.74124108816608,1.9309455849315356,1.9309455849315356,0.029341086682047046,0.029341086682047046,1,77629707
9.5,65.81029550323454,67.89692566580108,67.73422052499839,1.92392502176385,1.92392502176385,0.02923440788484668,0.02923440788484668,1,77629707
9.5,65.81029550323454,69.6804297954788,67.72186018146803,1.9115646782334892,1.9115646782334892,0.029046590105943786,0.029046590105943786,1,77629707
9.5,65.81029550323454,71.46393392515651,67.7015925774281,1.8912970741935595,1.8912970741935595,0.028738619994505315,0.028738619994505315,1,77629707
9.5,65.81029550323454,73.24743805483422,67.66661872427129,1.856323221036746,1.856323221036746,0.028207185621063023,0.028207185621063023,1,77629707
9.5,65.81029550323454,75.03094218451194,67.62007377038262,1.8097782671480758,1.8097782671480758,0.027499926163667296,0.027499926163667296,1,77629707
9.5,65.81029550323454,76.81444631418967,67.54564351937934,1.7353480161447976,1.7353480161447976,0.026368944294734343,0.026368944294734343,1,77629707
9.5,65.81029550323454,78.59795044386738,67.4331364219549,1.6228409187203567,1.6228409187203567,0.024659377477504185,0.024659377477504185,1,77629707
9.5,65.81029550323454,80.3814545735451,67.2792285457425,1.468933042507956,1.468933042507956,0.02232071792529421,0.02232071792529421,1,77629707
9.5,65.81029550323454,82.16495870322282,67.06549112189663,1.2551956186620856,1.2551956186620856,0.019072936978384993,0.019072936978384993,1,77629707
9.5,65.81029550323454,83.94846283290053,66.7819571800062,0.9716616767716602,0.9716616767716602,0.014764584619193869,0.014764584619193869,1,77629707
9.5,65.81029550323454,85.73196696257826,66.4242980451604,0.6140025419258563,0.6140025419258563,0.00932988580632765,0.00932988580632765,1,77629707
9.5,65.81029550323454,86.94950606713509,66.13131671318949,0.3210212099549494,0.3210212099549494,0.004877978551838768,0.004877978551838768,1,77629707
9.5,65.81029550323454,88.0946341799171,65.810333050082,3.75468474516083e-5,3.75468474516083e-5,5.705315128050579e-7,5.705315128050579e-7,1,77629707
9.5,65.81029550323454,88.16704517169192,65.78842749925035,-0.02186800398419564,0.02186800398419564,-0.00033228849402630074,0.00033228849402630074,1,77629707
9.5,65.81029550323454,88.73301019681281,65.61040020542633,-0.19989529780821158,0.19989529780821158,-0.003037447200011233,0.003037447200011233,1,77629707
9.5,65.81029550323454,89.29897522193369,65.42016092324178,-0.39013457999276113,0.39013457999276113,-0.005928169399780103,0.005928169399780103,1,77629707
9.5,65.81029550323454,91.08247935161141,64.74077248481167,-1.0695230184228706,1.0695230184228706,-0.01625160638232211,0.01625160638232211,1,77629707
9.5,65.81029550323454,92.86598348128913,63.714928318428065,-2.095367184806477,2.095367184806477,-0.03183950427184286,0.03183950427184286,1,77629707
9.5,65.81029550323454,94.64948761096684,62.834447654732514,-2.9758478485020277,2.9758478485020277,-0.0452185759955411,0.0452185759955411,1,77629707
9.5,65.81029550323454,96.43299174064457,61.86960898249322,-3.9406865207413233,3.9406865207413233,-0.059879483758702175,0.059879483758702175,1,77629707
9.5,65.81029550323454,98.21649587032229,60.88485101914019,-4.925444484094349,4.925444484094349,-0.07484306895191295,0.07484306895191295,1,77629707
9.5,65.81029550323454,100.0,60.000002384185294,-5.810293119049248,5.810293119049248,-0.08828851283251989,0.08828851283251989,1,77629707
9.5,67.34071828235456,51.33238180333667,69.20489817273673,1.8641798903821751,1.8641798903821751,0.02768280377654734,0.02768280377654734,1,72501795
9.5,67.34071828235456,53.07051102464608,69.2059647125419,1.8652464301873408,1.8652464301873408,0.027698641739556492,0.027698641739556492,1,72501795
9.5,67.34071828235456,54.80864024595548,69.20761252359452,1.8668942412399616,1.8668942412399616,0.02772311149715117,0.02772311149715117,1,72501795
9.5,67.34071828235456,56.54676946726489,69.2016154058364,1.8608971234818483,1.8608971234818483,0.02763405515930565,0.02763405515930565,1,72501795
9.5,67.34071828235456,58.284898688574295,69.20625144374658,1.8655331613920225,1.8655331613920225,0.02770289965678689,0.02770289965678689,1,72501795
9.5,67.34071828235456,60.023027909883695,69.20624453777664,1.8655262554220826,1.8655262554220826,0.027702797104124603,0.027702797104124603,1,72501795
9.5,67.34071828235456,61.7611571311931,69.20304270135865,1.8623244190040964,1.8623244190040964,0.027655250292928424,0.027655250292928424,1,72501795
9.5,67.34071828235456,63.49928635250251,69.20293760851051,1.8622193261559516,1.8622193261559516,0.027653689679219138,0.027653689679219138,1,72501795
9.5,67.34071828235456,65.23741557381192,69.20082060772195,1.860102325367393,1.860102325367393,0.027622252521396103,0.027622252521396103,1,72501795
9.5,67.34071828235456,66.97554479512132,69.19352820858853,1.8528099262339737,1.8528099262339737,0.027513961441059793,0.027513961441059793,1,72501795
9.5,67.34071828235456,68.71367401643072,69.18325742203841,1.8425391396838506,1.8425391396838506,0.02736144173512113,0.02736144173512113,1,72501795
9.5,67.34071828235456,70.45180323774012,69.16730069771218,1.8265824153576204,1.8265824153576204,0.02712448666940109,0.02712448666940109,1,72501795
9.5,67.34071828235456,72.18993245904953,69.13952391089323,1.7988056285386733,1.7988056285386733,0.02671200537238728,0.02671200537238728,1,72501795
9.5,67.34071828235456,73.92806168035892,69.09284979514287,1.75213151278831,1.75213151278831,0.02601890145337854,0.02601890145337854,1,72501795
9.5,67.34071828235456,75.66619090166833,69.03607800307752,1.695359720722962,1.695359720722962,0.02517584849057366,0.02517584849057366,1,72501795
9.5,67.34071828235456,77.40432012297774,68.9501427716942,1.609424489339645,1.609424489339645,0.023899722640192956,0.023899722640192956,1,72501795
9.5,67.34071828235456,79.14244934428714,68.81904741193522,1.4783291295806578,1.4783291295806578,0.021952975365990827,0.021952975365990827,1,72501795
9.5,67.34071828235456,80.88057856559655,68.64072771386076,1.3000094315061972,1.3000094315061972,0.019304953446670343,0.019304953446670343,1,72501795
9.5,67.34071828235456,82.61870778690596,68.3941822742138,1.053463991859246,1.053463991859246,0.01564378905853292,0.01564378905853292,1,72501795
9.5,67.34071828235456,84.35683700821536,68.07090338844162,0.7301851060870632,0.7301851060870632,0.010843144010217593,0.010843144010217593,1,72501795
9.5,67.34071828235456,86.09496622952476,67.66217676808401,0.3214584857294511,0.3214584857294511,0.0047736123689919654,0.0047736123689919654,1,72501795
9.5,67.34071828235456,86.68729182881857,67.50036857446891,0.15965029211434967,0.15965029211434967,0.0023707839207320006,0.0023707839207320006,1,72501795
9.5,67.34071828235456,87.22851591799079,67.34078843894257,7.01565880092403e-5,7.01565880092403e-5,1.0418152612373246e-6,1.0418152612373246e-6,1,72501795
9.5,67.34071828235456,87.27961742811239,67.32511418952411,-0.015604092830443506,0.015604092830443506,-0.00023171853862646253,0.00023171853862646253,1,72501795
9.5,67.34071828235456,88.42542105012798,66.94480111526111,-0.3959171670934438,0.3959171670934438,-0.0058793130989989294,0.0058793130989989294,1,72501795
9.5,67.34071828235456,89.57122467214357,66.50715615985648,-0.8335621224980798,0.8335621224980798,-0.012378277864560586,0.012378277864560586,1,72501795
9.5,67.34071828235456,91.30935389345298,65.73182021382708,-1.6088980685274805,1.6088980685274805,-0.023891905366697934,0.023891905366697934,1,72501795
9.5,67.34071828235456,93.04748311476239,64.56582300665113,-2.774895275703429,2.774895275703429,-0.04120679651898725,0.04120679651898725,1,72501795
9.5,67.34071828235456,94.78561233607178,63.531819263947014,-3.808899018407544,3.808899018407544,-0.05656160367100804,0.05656160367100804,1,72501795
9.5,67.34071828235456,96.52374155738119,62.37536010152018,-4.965358180834379,4.965358180834379,-0.0737348562279215,0.0737348562279215,1,72501795
9.5,67.34071828235456,98.2618707786906,61.15739098033838,-6.183327302016181,6.183327302016181,-0.09182152284283568,0.09182152284283568,1,72501795
9.5,67.34071828235456,100.0,60.000002384185294,-7.340715898169265,7.340715898169265,-0.10900857735716742,0.10900857735716742,1,72501795
9.5,68.87114106147457,52.602042014254174,70.65443884842857,1.7832977869539945,1.7832977869539945,0.025893251650386015,0.025893251650386015,0,42956415
9.5,68.87114106147457,55.98761044180745,70.65841712321513,1.787276061740556,1.787276061740556,0.02595101568224677,0.02595101568224677,0,42956415
9.5,68.87114106147457,59.37317886936072,70.65738394432613,1.7862428828515533,1.7862428828515533,0.02593601405931619,0.02593601405931619,0,42956415
9.5,68.87114106147457,62.758747296913995,70.65323212485195,1.7820910633773792,1.7820910633773792,0.02587573018118982,0.02587573018118982,0,42956415
9.5,68.87114106147457,66.14431572446726,70.64777034565893,1.7766292841843523,1.7766292841843523,0.025796425858525096,0.025796425858525096,0,42956415
9.5,68.87114106147457,69.52988415202054,70.62433246597126,1.7531914044966896,1.7531914044966896,0.02545611089747716,0.02545611089747716,0,42956415
9.5,68.87114106147457,72.91545257957381,70.56639560612696,1.6952545446523857,1.6952545446523857,0.024614875236918125,0.024614875236918125,0,42956415
9.5,68.87114106147457,76.30102100712709,70.43707720357439,1.5659361420998152,1.5659361420998152,0.022737188871345345,0.022737188871345345,0,42956415
9.5,68.87114106147457,79.68658943468036,70.18904318935418,1.3179021278796057,1.3179021278796057,0.01913576728318241,0.01913576728318241,0,42956415
9.5,68.87114106147457,83.07215786223364,69.70039659718006,0.8292555357054852,0.8292555357054852,0.012040682395043946,0.012040682395043946,0,42956415
9.5,68.87114106147457,86.4577262897869,68.8712491056687,0.00010804419412124844,0.00010804419412124844,1.5687876294195255e-6,1.5687876294195255e-6,0,42956415
9.5,68.87114106147457,86.45826798615228,68.87108293523212,-5.812624245038478e-5,5.812624245038478e-5,-8.439854713384395e-7,8.439854713384395e-7,0,42956415
9.5,68.87114106147457,89.84329471734019,67.56077302929563,-1.3103680321789426,1.3103680321789426,-0.019026373194678224,0.019026373194678224,0,42956415
9.5,68.87114106147457,93.22886314489345,65.3844832541794,-3.486657807295174,3.486657807295174,-0.05062581733883243,0.05062581733883243,0,42956415
9.5,68.87114106147457,96.61443157244673,62.85630295957865,-6.014838101895926,6.014838101895926,-0.08733466600367583,0.08733466600367583,0,42956415
9.5,68.87114106147457,100.0,60.000002384185294,-8.87113867728928,8.87113867728928,-0.12880777841869756,0.12880777841869756,0,42956415
9.5,70.40156384059459,53.872685748117945,72.08204908712472,1.6804852465301252,1.6804852465301252,0.023869998830354566,0.023869998830354566,1,72320585
9.5,70.40156384059459,55.520089828542304,72.10111239866501,1.6995485580704184,1.6995485580704184,0.024140778490639628,0.024140778490639628,1,72320585
9.5,70.40156384059459,57.16749390896666,72.09864814922824,1.6970843086336487,1.6970843086336487,0.024105775725042695,0.024105775725042695,1,72320585
9.5,70.40156384059459,58.81489798939102,72.0974246299348,1.695860789340216,1.695860789340216,0.024088396575678867,0.024088396575678867,1,72320585
9.5,70.40156384059459,60.46230206981538,72.10079262134091,1.6992287807463242,1.6992287807463242,0.024136236300002806,0.024136236300002806,1,72320585
9.5,70.40156384059459,62.10970615023974,72.0891636223066,1.6875997817120094,1.6875997817120094,0.02397105532390055,0.02397105532390055,1,72320585
9.5,70.40156384059459,63.7571102306641,72.09421207663323,1.692648236038636,1.692648236038636,0.024042764729931037,0.024042764729931037,1,72320585
9.5,70.40156384059459,65.40451431108846,72.09178596233215,1.6902221217375626,1.6902221217375626,0.02400830364456983,0.02400830364456983,1,72320585
9.5,70.40156384059459,67.05191839151281,72.0854673676131,1.683903527018515,1.683903527018515,0.02391855287236604,0.02391855287236604,1,72320585
9.5,70.40156384059459,68.69932247193717,72.06457721583618,1.66301337524159,1.66301337524159,0.023621824353320286,0.023621824353320286,1,72320585
9.5,70.40156384059459,70.34672655236153,72.0556285856765,1.6540647450819108,1.6540647450819108,0.023494715953002062,0.023494715953002062,1,72320585
9.5,70.40156384059459,71.9941306327859,72.03036396372785,1.62880012313326,1.62880012313326,0.023135851453829064,0.023135851453829064,1,72320585
9.5,70.40156384059459,73.64153471321025,71.9818989629084,1.5803351223138122,1.5803351223138122,0.022447443438785766,0.022447443438785766,1,72320585
9.5,70.40156384059459,75.2889387936346,71.92674777132343,1.5251839307288435,1.5251839307288435,0.02166406323277438,0.02166406323277438,1,72320585
9.5,70.40156384059459,76.93634287405897,71.83617835144788,1.4346145108532937,1.4346145108532937,0.02037759436852273,0.02037759436852273,1,72320585
9.5,70.40156384059459,78.58374695448333,71.71338241178601,1.3118185711914236,1.3118185711914236,0.018633372607484742,0.018633372607484742,1,72320585
9.5,70.40156384059459,80.2311510349077,71.53871632864362,1.1371524880490256,1.1371524880490256,0.016152375402111827,0.016152375402111827,1,72320585
9.5,70.40156384059459,81.87855511533206,71.29625942127113,0.8946955806765402,0.8946955806765402,0.012708461742445634,0.012708461742445634,1,72320585
9.5,70.40156384059459,83.52595919575641,70.98015663183863,0.5785927912440343,0.5785927912440343,0.008218465040834918,0.008218465040834918,1,72320585
9.5,70.40156384059459,84.6270127234433,70.71674178240823,0.3151779418136442,0.3151779418136442,0.004476859953385126,0.004476859953385126,1,72320585
9.5,70.40156384059459,85.7280662511302,70.40776926952275,0.006205428928154788,0.006205428928154788,8.814333929009465e-5,8.814333929009465e-5,1,72320585
9.5,70.40156384059459,85.74836247236324,70.40161102240994,4.7181815347130396e-5,4.7181815347130396e-5,6.701813535557382e-7,6.701813535557382e-7,1,72320585
9.5,70.40156384059459,86.27441680386767,70.23550481348109,-0.16605902711350495,0.16605902711350495,-0.0023587406025454343,0.0023587406025454343,1,72320585
9.5,70.40156384059459,86.82076735660513,70.04895977201701,-0.35260406857757687,0.35260406857757687,-0.005008469263210601,0.005008469263210601,1,72320585
9.5,70.40156384059459,88.4681714370295,69.39114134690334,-1.0104224936912516,1.0104224936912516,-0.01435227342362851,0.01435227342362851,1,72320585
9.5,70.40156384059459,90.11557551745385,68.57992842514936,-1.821635415445229,1.821635415445229,-0.02587492828383518,0.02587492828383518,1,72320585
9.5,70.40156384059459,91.7629795978782,67.60978025566914,-2.7917835849254544,2.7917835849254544,-0.03965513594622269,0.03965513594622269,1,72320585
9.5,70.40156384059459,93.41038367830257,66.1695352520825,-4.232028588512094,4.232028588512094,-0.060112707128131194,0.060112707128131194,1,72320585
9.5,70.40156384059459,95.05778775872693,64.83476795871772,-5.566795881876871,5.566795881876871,-0.07907204866189313,0.07907204866189313,1,72320585
9.5,70.40156384059459,96.70519183915128,63.3119575308393,-7.08960630975529,7.08960630975529,-0.10070239811444809,0.10070239811444809,1,72320585
9.5,70.40156384059459,98.35259591957563,61.65856637972091,-8.742997460873681,8.742997460873681,-0.124187546183915,0.124187546183915,1,72320585
9.5,70.40156384059459,100.0,60.000002384185294,-10.401561456409297,10.401561456409297,-0.14774617052485986,0.14774617052485986,1,72320585
9.5,71.9319866197146,55.142573936386306,73.53145258291842,1.5994659632038122,1.5994659632038122,0.02223580966364471,0.02223580966364471,0,43465179
9.5,71.9319866197146,58.346675798073,73.5301052202185,1.598118600503895,1.598118600503895,0.022217078598881543,0.022217078598881543,0,43465179
9.5,71.9319866197146,61.55077765975969,73.5343778711413,1.6023912514266954,1.6023912514266954,0.022276477082415563,0.022276477082415563,0,43465179
9.5,71.9319866197146,64.75487952144638,73.52416347033997,1.5921768506253642,1.5921768506253642,0.02213447626634841,0.02213447626634841,0,43465179
9.5,71.9319866197146,67.95898138313308,73.51256110832864,1.5805744886140332,1.5805744886140332,0.02197317998417189,0.02197317998417189,0,43465179
9.5,71.9319866197146,71.16308324481977,73.47188203699145,1.5398954172768384,1.5398954172768384,0.021407658673711576,0.021407658673711576,0,43465179
9.5,71.9319866197146,74.36718510650645,73.38583413018227,1.4538475104676678,1.4538475104676678,0.02021141885255825,0.02021141885255825,0,43465179
9.5,71.9319866197146,77.57128696819315,73.20140253029406,1.269415910579454,1.269415910579454,0.01764744684851428,0.01764744684851428,0,43465179
9.5,71.9319866197146,80.77538882987984,72.86045493632737,0.928468316612765,0.928468316612765,0.01290758618306111,0.01290758618306111,0,43465179
9.5,71.9319866197146,83.97949069156654,72.22851707459779,0.2965304548831824,0.2965304548831824,0.004122372658089655,0.004122372658089655,0,43465179
9.5,71.9319866197146,85.04438459423713,71.93625573369093,0.004269113976320682,0.004269113976320682,5.934931282921962e-5,5.934931282921962e-5,0,43465179
9.5,71.9319866197146,87.18359255325323,71.19164218118691,-0.7403444385276998,0.7403444385276998,-0.010292284049399402,0.010292284049399402,0,43465179
9.5,71.9319866197146,90.38769441493993,69.56397189809903,-2.3680147216155802,2.3680147216155802,-0.03292019076484913,0.03292019076484913,0,43465179
9.5,71.9319866197146,93.59179627662661,66.91989315942743,-5.012093460287176,5.012093460287176,-0.0696782293360642,0.0696782293360642,0,43465179
9.5,71.9319866197146,96.7958981383133,63.74205646172703,-8.189930157987575,8.189930157987575,-0.11385658234751073,0.11385658234751073,0,43465179
9.5,71.9319866197146,100.0,60.000002384185294,-11.931984235529313,11.931984235529313,-0.16587869731181704,0.16587869731181704,0,43465179
9.5,73.46240939883462,56.41289775175349,74.94747764000101,1.4850682411663882,1.4850682411663882,0.02021534895627786,0.02021534895627786,0,40635205
9.5,73.46240939883462,59.52626219805681,74.95128648498202,1.4888770861473972,1.4888770861473972,0.020267196493163428,0.020267196493163428,0,40635205
9.5,73.46240939883462,62.639626644360135,74.95402789108476,1.49161849225014,1.49161849225014,0.02030451362072808,0.02030451362072808,0,40635205
9.5,73.46240939883462,65.75299109066346,74.94488361175607,1.4824742129214457,1.4824742129214457,0.020180037995663168,0.020180037995663168,0,40635205
9.5,73.46240939883462,68.86635553696678,74.92698914773602,1.4645797489014,1.4645797489014,0.019936451320974963,0.019936451320974963,0,40635205
9.5,73.46240939883462,71.9797199832701,74.87346304885122,1.4110536500165978,1.4110536500165978,0.019207832435168975,0.019207832435168975,0,40635205
9.5,73.46240939883462,75.09308442957342,74.77578407915996,1.3133746803253388,1.3133746803253388,0.017878186831511322,0.017878186831511322,0,40635205
9.5,73.46240939883462,78.20644887587675,74.5510045851474,1.088595186312773,1.088595186312773,0.014818397534481656,0.014818397534481656,0,40635205
9.5,73.46240939883462,81.31981332218007,74.1517207616792,0.6893113628445775,0.6893113628445775,0.009383184794583017,0.009383184794583017,0,40635205
9.5,73.46240939883462,84.35599669204876,73.4621182629047,-0.0002911359299275773,0.0002911359299275773,-3.963059914724166e-6,3.963059914724166e-6,0,40635205
9.5,73.46240939883462,84.43317776848339,73.43983872468533,-0.022570674149292813,0.022570674149292813,-0.0003072411364396505,0.0003072411364396505,0,40635205
9.5,73.46240939883462,87.54654221478671,72.29282751347367,-1.1695818853609552,1.1695818853609552,-0.015920821205457344,0.015920821205457344,0,40635205
9.5,73.46240939883462,90.65990666109003,70.51170852646895,-2.9507008723656725,2.9507008723656725,-0.04016613253651984,0.04016613253651984,0,40635205
9.5,73.46240939883462,93.77327110739336,67.63412983147312,-5.8282795673615055,5.8282795673615055,-0.07933689644889272,0.07933689644889272,0,40635205
9.5,73.46240939883462,96.88663555369668,64.14614271465904,-9.316266684175588,9.316266684175588,-0.12681678644103084,0.12681678644103084,0,40635205
9.5,73.46240939883462,100.0,60.000002384185294,-13.46240701464933,13.46240701464933,-0.18325572391126735,0.18325572391126735,0,40635205
9.5,74.99283217795464,57.68235791925234,76.3705276470184,1.3776954690637666,1.3776954690637666,0.01837102865770634,0.01837102865770634,0,44658923
9.5,74.99283217795464,60.70504663930574,76.36365111440495,1.3708189364503056,1.3708189364503056,0.018279332792731626,0.018279332792731626,0,44658923
9.5,74.99283217795464,63.72773535935915,76.36413930455875,1.3713071266041084,1.3713071266041084,0.01828584261693248,0.01828584261693248,0,44658923
9.5,74.99283217795464,66.75042407941255,76.36068112264775,1.3678489446931081,1.3678489446931081,0.01823972911767439,0.01823972911767439,0,44658923
9.5,74.99283217795464,69.77311279946596,76.3287472616556,1.3359150837009537,1.3359150837009537,0.017813903607892645,0.017813903607892645,0,44658923
9.5,74.99283217795464,72.79580151951936,76.26913123561773,1.2762990576630955,1.2762990576630955,0.017018947285981877,0.017018947285981877,0,44658923
9.5,74.99283217795464,75.81849023957277,76.14455588823662,1.1517237102819848,1.1517237102819848,0.01535778389525276,0.01535778389525276,0,44658923
9.5,74.99283217795464,78.84117895962618,75.87082926987975,0.8779970919251099,0.8779970919251099,0.011707746812944229,0.011707746812944229,0,44658923
9.5,74.99283217795464,81.86386767967957,75.40662545003637,0.4137932720817332,0.4137932720817332,0.005517770966428102,0.005517770966428102,0,44658923
9.5,74.99283217795464,83.62163920188026,75.01962849675681,0.026796318802169594,0.026796318802169594,0.0003573183999583204,0.0003573183999583204,0,44658923
9.5,74.99283217795464,84.88655639973298,74.60759542772703,-0.3852367502276053,0.3852367502276053,-0.005136980949238664,0.005136980949238664,0,44658923
9.5,74.99283217795464,87.90924511978638,73.34508643668738,-1.6477457412672578,1.6477457412672578,-0.021972043106162877,0.021972043106162877,0,44658923
9.5,74.99283217795464,90.93193383983979,71.41770703311705,-3.5751251448375854,3.5751251448375854,-0.04767289140852786,0.04767289140852786,0,44658923
9.5,74.99283217795464,93.9546225598932,68.31108697928191,-6.681745198672729,6.681745198672729,-0.08909845120687329,0.08909845120687329,0,44658923
9.5,74.99283217795464,96.97731127994659,64.52396453439799,-10.46886764355665,10.46886764355665,-0.13959824345231414,0.13959824345231414,0,44658923
9.5,74.99283217795464,100.0,60.000002384185294,-14.992829793769346,14.992829793769346,-0.1999235041315953,0.1999235041315953,0,44658923
9.5,76.52325495707466,58.953264344717695,77.77433548649502,1.2510805294203635,1.2510805294203635,0.016349023968232283,0.016349023968232283,0,40660230
9.5,76.52325495707466,61.88517403438072,77.7696813909892,1.24642643391455,1.24642643391455,0.016288204606739833,0.016288204606739833,0,40660230
9.5,76.52325495707466,64.81708372404374,77.76224932938624,1.2389943723115806,1.2389943723115806,0.01619108299831977,0.01619108299831977,0,40660230
9.5,76.52325495707466,67.74899341370676,77.75779304092296,1.2345380838483067,1.2345380838483067,0.016132848564019066,0.016132848564019066,0,40660230
9.5,76.52325495707466,70.68090310336979,77.71418593855587,1.1909309814812161,1.1909309814812161,0.015562994310020698,0.015562994310020698,0,40660230
9.5,76.52325495707466,73.6128127930328,77.63547636024599,1.1122214031713327,1.1122214031713327,0.014534423604892759,0.014534423604892759,0,40660230
9.5,76.52325495707466,76.54472248269583,77.48003620227534,0.9567812452006876,0.9567812452006876,0.01250314359651049,0.01250314359651049,0,40660230
9.5,76.52325495707466,79.47663217235885,77.15046435841127,0.6272094013366143,0.6272094013366143,0.008196324132950752,0.008196324132950752,0,40660230
9.5,76.52325495707466,82.40854186202186,76.61902999159247,0.0957750345178141,0.0957750345178141,0.0012515807720350975,0.0012515807720350975,0,40660230
9.5,76.52325495707466,82.80494001604585,76.52170154236504,-0.0015534147096190054,0.0015534147096190054,-2.0299903741553933e-5,2.0299903741553933e-5,0,40660230
9.5,76.52325495707466,85.3404515516849,75.7248371079628,-0.798417849111857,0.798417849111857,-0.010433662937622368,0.010433662937622368,0,40660230
9.5,76.52325495707466,88.27236124134791,74.33935259404346,-2.1839023630311942,2.1839023630311942,-0.02853906782005344,0.02853906782005344,0,40660230
9.5,76.52325495707466,91.20427093101094,72.27156590686633,-4.251689050208327,4.251689050208327,-0.05556074493424634,0.05556074493424634,0,40660230
9.5,76.52325495707466,94.13618062067395,68.94903544223365,-7.574219514841005,7.574219514841005,-0.09897931705975818,0.09897931705975818,0,40660230
9.5,76.52325495707466,97.06809031033698,64.87492612696994,-11.648328830104717,11.648328830104717,-0.1522194636994831,0.1522194636994831,0,40660230
9.5,76.52325495707466,100.0,60.000002384185294,-16.523252572889362,16.523252572889362,-0.21592459157883442,0.21592459157883442,0,40660230
9.5,78.05367773619467,60.22245351072084,79.16289575340566,1.109218017210992,1.109218017210992,0.014210964164429511,0.014210964164429511,0,40931908
9.5,78.05367773619467,63.063706831383634,79.1620187435581,1.1083410073634212,1.1083410073634212,0.014199728180770484,0.014199728180770484,0,40931908
9.5,78.05367773619467,65.90496015204643,79.1455023859206,1.0918246497259219,1.0918246497259219,0.013988125625752882,0.013988125625752882,0,40931908
9.5,78.05367773619467,68.74621347270923,79.14278949028721,1.0891117540925421,1.0891117540925421,0.013953368831299854,0.013953368831299854,0,40931908
9.5,78.05367773619467,71.58746679337203,79.07951251268054,1.0258347764858655,1.0258347764858655,0.013142683422976883,0.013142683422976883,0,40931908
9.5,78.05367773619467,74.42872011403483,78.97526198168096,0.9215842454862866,0.9215842454862866,0.011807057299734821,0.011807057299734821,0,40931908
9.5,78.05367773619467,77.26997343469762,78.78290455880072,0.7292268226060514,0.7292268226060514,0.009342632451870976,0.009342632451870976,0,40931908
9.5,78.05367773619467,80.11122675536042,78.38734528985951,0.3336675536648386,0.3336675536648386,0.004274847301783346,0.004274847301783346,0,40931908
9.5,78.05367773619467,81.83898176467235,78.05509425908126,0.0014165228865863355,0.0014165228865863355,1.814806076625743e-5,1.814806076625743e-5,0,40931908
9.5,78.05367773619467,82.95248007602322,77.78249187841286,-0.27118585778181625,0.27118585778181625,-0.0034743508012315383,0.0034743508012315383,0,40931908
9.5,78.05367773619467,85.79373339668601,76.78707656416493,-1.2666011720297377,1.2666011720297377,-0.01622730931796178,0.01622730931796178,0,40931908
9.5,78.05367773619467,88.63498671734881,75.26657868106156,-2.787099055133112,2.787099055133112,-0.035707466143401104,0.035707466143401104,0,40931908
9.5,78.05367773619467,91.47624003801161,73.06292279175227,-4.990754944442401,4.990754944442401,-0.0639400357445055,0.0639400357445055,0,40931908
9.5,78.05367773619467,94.31749335867441,69.54708370100356,-8.506594035191114,8.506594035191114,-0.10898389777278204,0.10898389777278204,0,40931908
9.5,78.05367773619467,97.1587466793372,65.19900874005775,-12.854668996136922,12.854668996136922,-0.1646901128680067,0.1646901128680067,0,40931908
9.5,78.05367773619467,100.0,60.000002384185294,-18.05367535200938,18.05367535200938,-0.23129820241176946,0.23129820241176946,0,40931908
9.5,79.58410051531469,61.49304553933995,80.53165058789357,0.9475500725788777,0.9475500725788777,0.01190627357026592,0.01190627357026592,0,43492789
9.5,79.58410051531469,64.24354228652996,80.5397243064669,0.9556237911522061,0.9556237911522061,0.012007722459190346,0.012007722459190346,0,43492789
9.5,79.58410051531469,66.99403903371996,80.50786638849974,0.9237658731850473,0.9237658731850473,0.01160741740125948,0.01160741740125948,0,43492789
9.5,79.58410051531469,69.74453578090996,80.50890949386296,0.9248089785482705,0.9248089785482705,0.011620524358006732,0.011620524358006732,0,43492789
9.5,79.58410051531469,72.49503252809997,80.41906726170657,0.8349667463918848,0.8349667463918848,0.010491627611362006,0.010491627611362006,0,43492789
9.5,79.58410051531469,75.24552927528997,80.2857485370481,0.7016480217334049,0.7016480217334049,0.00881643465453736,0.00881643465453736,0,43492789
9.5,79.58410051531469,77.99602602247997,80.04516601333653,0.4610654980218385,0.4610654980218385,0.005793437320223451,0.005793437320223451,0,43492789
9.5,79.58410051531469,80.73208251734471,79.58400056776887,-9.994754582010046e-5,9.994754582010046e-5,-1.255873285906739e-6,1.255873285906739e-6,0,43492789
9.5,79.58410051531469,80.74652276966998,79.58102786234285,-0.003072652971837897,0.003072652971837897,-3.860887981320608e-5,3.860887981320608e-5,0,43492789
9.5,79.58410051531469,83.49701951685998,78.87135270017606,-0.7127478151386271,0.7127478151386271,-0.008955907153860087,0.008955907153860087,0,43492789
9.5,79.58410051531469,86.24751626404998,77.79125949176527,-1.792841023549414,1.792841023549414,-0.02252762815613416,0.02252762815613416,0,43492789
9.5,79.58410051531469,88.99801301123999,76.12254930304513,-3.461551212269555,3.461551212269555,-0.04349551216707456,0.04349551216707456,0,43492789
9.5,79.58410051531469,91.74850975842999,73.77963446683931,-5.804466048475376,5.804466048475376,-0.07293499594631216,0.07293499594631216,0,43492789
9.5,79.58410051531469,94.49900650561999,70.10322867264756,-9.480871842667128,9.480871842667128,-0.11913022552592255,0.11913022552592255,0,43492789
9.5,79.58410051531469,97.24950325281,65.49549533217768,-14.088605183137005,14.088605183137005,-0.1770278873784077,0.1770278873784077,0,43492789
9.5,79.58410051531469,100.0,60.000002384185294,-19.584098131129394,19.584098131129394,-0.24608053624179302,0.24608053624179302,0,43492789
9.5,81.1145232944347,62.76324467702057,81.87892063218132,0.7643973377466153,0.7643973377466153,0.00942368033122696,0.00942368033122696,0,40273733
9.5,81.1145232944347,65.42301291437624,81.898945753393,0.7844224589582893,0.7844224589582893,0.009670555001734304,0.009670555001734304,0,40273733
9.5,81.1145232944347,68.08278115173192,81.84321113692953,0.7286878424948213,0.7286878424948213,0.00898344480001175,0.00898344480001175,0,40273733
9.5,81.1145232944347,70.7425493890876,81.85270934468227,0.7381860502475632,0.7381860502475632,0.009100541065476624,0.009100541065476624,0,40273733
9.5,81.1145232944347,73.40231762644326,81.72617030387819,0.6116470094434874,0.6116470094434874,0.007540536325699552,0.007540536325699552,0,40273733
9.5,81.1145232944347,76.06208586379894,81.57297760524226,0.4584543108075536,0.4584543108075536,0.005651938668781011,0.005651938668781011,0,40273733
9.5,81.1145232944347,78.72185410115462,81.2800805993978,0.16555730496310161,0.16555730496310161,0.0020410315963042902,0.0020410315963042902,0,40273733
9.5,81.1145232944347,79.66257033850493,81.11297081159549,-0.0015524828392159407,0.0015524828392159407,-1.913939423129738e-5,1.913939423129738e-5,0,40273733
9.5,81.1145232944347,81.38162233851028,80.7327692461245,-0.3817540483101993,0.3817540483101993,-0.004706358772823998,0.004706358772823998,0,40273733
9.5,81.1145232944347,84.04139057586596,79.94699744554565,-1.1675258488890563,1.1675258488890563,-0.014393548793365844,0.014393548793365844,0,40273733
9.5,81.1145232944347,86.70115881322164,78.73823206712963,-2.3762912273050745,2.3762912273050745,-0.02929550875469563,0.02929550875469563,0,40273733
9.5,81.1145232944347,89.3609270505773,76.91274842854345,-4.201774865891252,4.201774865891252,-0.05180052468088089,0.05180052468088089,0,40273733
9.5,81.1145232944347,92.02069528793298,74.41152023315992,-6.703003061274785,6.703003061274785,-0.08263628742467972,0.08263628742467972,0,40273733
9.5,81.1145232944347,94.68046352528866,70.61631929329873,-10.498204001135974,10.498204001135974,-0.12942446771250715,0.12942446771250715,0,40273733
9.5,81.1145232944347,97.34023176264432,65.76425039386332,-15.350272900571383,15.350272900571383,-0.18924197883592284,0.18924197883592284,0,40273733
9.5,81.1145232944347,100.0,60.000002384185294,-21.11452091024941,21.11452091024941,-0.2603050607054247,0.2603050607054247,0,40273733
9.5,82.64494607355472,64.03385066142508,83.22107594316421,0.5761298696094883,0.5761298696094883,0.006971144600865583,0.006971144600865583,0,40613487
9.5,82.64494607355472,66.60286132846615,83.19530883348138,0.5503627599266565,0.5503627599266565,0.006659363773276939,0.006659363773276939,0,40613487
9.5,82.64494607355472,69.1718719955072,83.15796680156998,0.5130207280152632,0.5130207280152632,0.006207526925586839,0.006207526925586839,0,40613487
9.5,82.64494607355472,71.74088266254827,83.15871209476315,0.5137660212084256,0.5137660212084256,0.0062165449385273895,0.0062165449385273895,0,40613487
9.5,82.64494607355472,74.30989332958934,83.00171696674451,0.3567708931897897,0.3567708931897897,0.0043169111983237364,0.0043169111983237364,0,40613487
9.5,82.64494607355472,76.87890399663041,82.81805123569835,0.17310516214362792,0.17310516214362792,0.002094564403122277,0.002094564403122277,0,40613487
9.5,82.64494607355472,78.42692823451172,82.60388378859648,-0.04106228495824382,0.04106228495824382,-0.0004968517363626571,0.0004968517363626571,0,40613487
9.5,82.64494607355472,79.44791466367147,82.47878020246293,-0.16616587109179193,0.16616587109179193,-0.00201059930444994,0.00201059930444994,0,40613487
9.5,82.64494607355472,82.01692533071254,81.84847766997075,-0.7964684035839724,0.7964684035839724,-0.009637230604217572,0.009637230604217572,0,40613487
9.5,82.64494607355472,84.58593599775361,80.958878835368,-1.6860672381867232,1.6860672381867232,-0.020401335088126367,0.020401335088126367,0,40613487
9.5,82.64494607355472,87.15494666479466,79.631837566371,-3.0131085071837163,3.0131085071837163,-0.036458472663313535,0.036458472663313535,0,40613487
9.5,82.64494607355472,89.72395733183573,77.64544601667738,-4.999500056877338,4.999500056877338,-0.06049371793924022,0.06049371793924022,0,40613487
9.5,82.64494607355472,92.2929679988768,74.9648324687962,-7.6801136047585175,7.6801136047585175,-0.09292901707411304,0.09292901707411304,0,40613487
9.5,82.64494607355472,94.86197866591787,71.08467348813775,-11.560272585416968,11.560272585416968,-0.13987876010141292,0.13987876010141292,0,40613487
9.5,82.64494607355472,97.43098933295893,66.00481789488627,-16.640128178668448,16.640128178668448,-0.20134477628987246,0.20134477628987246,0,40613487
9.5,82.64494607355472,100.0,60.000002384185294,-22.644943689369427,22.644943689369427,-0.27400276441847066,0.27400276441847066,0,40613487
9.5,84.17536885267474,65.30292759704784,84.5819644808934,0.40659562821866757,0.40659562821866757,0.004830339727174806,0.004830339727174806,0,43020006
9.5,84.17536885267474,67.78128991154442,84.54999781980143,0.37462896712669647,0.37462896712669647,0.004450577077747992,0.004450577077747992,0,43020006
9.5,84.17536885267474,70.25965222604101,84.47090002531114,0.2955311726364016,0.2955311726364016,0.003510898457167983,0.003510898457167983,0,43020006
9.5,84.17536885267474,72.73801454053759,84.47711823280684,0.30174938013210806,0.30174938013210806,0.0035847705123839176,0.0035847705123839176,0,43020006
9.5,84.17536885267474,75.21637685503417,84.25834308749717,0.08297423482243005,0.08297423482243005,0.0009857305759794538,0.0009857305759794538,0,43020006
9.5,84.17536885267474,76.36897555900099,84.17829844068991,0.002929588015177842,0.002929588015177842,3.4803387916306735e-5,3.4803387916306735e-5,0,43020006
9.5,84.17536885267474,77.69473916953075,84.07109669129477,-0.10427216137996709,0.10427216137996709,-0.0012387490877820342,0.0012387490877820342,0,43020006
9.5,84.17536885267474,80.17310148402734,83.65650362008532,-0.5188652325894196,0.5188652325894196,-0.00616409811636878,0.00616409811636878,0,43020006
9.5,84.17536885267474,82.65146379852392,82.9373559830272,-1.2380128696475339,1.2380128696475339,-0.014707543150946288,0.014707543150946288,0,43020006
9.5,84.17536885267474,85.1298261130205,81.93784808101445,-2.237520771660286,2.237520771660286,-0.026581656868964073,0.026581656868964073,0,43020006
9.5,84.17536885267474,87.60818842751709,80.48118327327734,-3.6941855793973986,3.6941855793973986,-0.04388677625949022,0.04388677625949022,0,43020006
9.5,84.17536885267474,90.08655074201367,78.33219484584856,-5.843174006826175,5.843174006826175,-0.06941667243600684,0.06941667243600684,0,43020006
9.5,84.17536885267474,92.56491305651025,75.56262066575029,-8.612748186924449,8.612748186924449,-0.10231910242055058,0.10231910242055058,0,43020006
9.5,84.17536885267474,95.04327537100683,71.50725621140046,-12.668112641274277,12.668112641274277,-0.1504966692031518,0.1504966692031518,0,43020006
9.5,84.17536885267474,97.52163768550342,66.21717404803037,-17.958194804644364,17.958194804644364,-0.21334263276083915,0.21334263276083915,0,43020006
9.5,84.17536885267474,100.0,60.000002384185294,-24.175366468489443,24.175366468489443,-0.28720238233587797,0.28720238233587797,0,43020006
9.5,85.70579163179475,66.57366354586877,85.98054108383204,0.27474945203728396,0.27474945203728396,0.0032057279538079504,0.0032057279538079504,0,40201626
9.5,85.70579163179475,68.96125900687814,85.86665924688982,0.16086761509507141,0.16086761509507141,0.001876974846532932,0.001876974846532932,0,40201626
9.5,85.70579163179475,71.34885446788752,85.80908719706096,0.1032955652662082,0.1032955652662082,0.0012052343639736953,0.0012052343639736953,0,40201626
9.5,85.70579163179475,73.73644992889689,85.77165649050885,0.06586485871409309,0.06586485871409309,0.0007684995081436111,0.0007684995081436111,0,40201626
9.5,85.70579163179475,74.47439143744614,85.6921865576515,-0.013605074143256957,0.013605074143256957,-0.0001587415959204536,0.0001587415959204536,0,40201626
9.5,85.70579163179475,76.12404538990626,85.5177423546951,-0.18804927709965114,0.18804927709965114,-0.0021941256654805746,0.0021941256654805746,0,40201626
9.5,85.70579163179475,78.51164085091564,85.31108827669286,-0.39470335510189614,0.39470335510189614,-0.004605328853359203,0.004605328853359203,0,40201626
9.5,85.70579163179475,80.89923631192501,84.8268200874792,-0.8789715443155472,0.8789715443155472,-0.010255684331016321,0.010255684331016321,0,40201626
9.5,85.70579163179475,83.28683177293439,84.00964543942068,-1.6961461923740728,1.6961461923740728,-0.019790333419484385,0.019790333419484385,0,40201626
9.5,85.70579163179475,85.67442723394376,82.8950978432777,-2.8106937885170566,2.8106937885170566,-0.0327946774074759,0.0327946774074759,0,40201626
9.5,85.70579163179475,88.06202269495313,81.29801707604372,-4.407774555751033,4.407774555751033,-0.051429132988905925,0.051429132988905925,0,40201626
9.5,85.70579163179475,90.44961815596251,78.9852272086077,-6.7205644231870565,6.7205644231870565,-0.07841435561390803,0.07841435561390803,0,40201626
9.5,85.70579163179475,92.83721361697188,76.12576230574216,-9.580029326052596,9.580029326052596,-0.1117780857472255,0.1117780857472255,0,40201626
9.5,85.70579163179475,95.22480907798125,71.88169381877215,-13.824097813022604,13.824097813022604,-0.16129712531462345,0.16129712531462345,0,40201626
9.5,85.70579163179475,97.61240453899063,66.40046609537934,-19.30532553641541,19.30532553641541,-0.2252511197767597,0.2252511197767597,0,40201626
9.5,85.70579163179475,100.0,60.000002384185294,-25.70578924760946,25.70578924760946,-0.299930596966486,0.299930596966486,0,40201626
9.5,87.23621441091477,67.84391124852802,87.4303658649863,0.19415145407153034,0.19415145407153034,0.0022255832097092766,0.0022255832097092766,0,40211266
9.5,87.23621441091477,70.06431138081848,87.24110822541877,0.0048938145040011705,0.0048938145040011705,5.609842812469484e-5,5.609842812469484e-5,0,40211266
9.5,87.23621441091477,70.14077473077602,87.23369881047216,-0.0025156004426065692,0.0025156004426065692,-2.8836652984013757e-5,2.8836652984013757e-5,0,40211266
9.5,87.23621441091477,72.43763821302402,87.20437507669067,-0.031839334224102345,0.031839334224102345,-0.0003649784030532014,0.0003649784030532014,0,40211266
9.5,87.23621441091477,74.73450169527202,87.09848962113225,-0.13772478978252423,0.13772478978252423,-0.0015787570645121032,0.0015787570645121032,0,40211266
9.5,87.23621441091477,77.03136517752002,86.80717330088731,-0.4290411100274554,0.4290411100274554,-0.004918153692530873,0.004918153692530873,0,40211266
9.5,87.23621441091477,79.32822865976802,86.57241266429091,-0.6638017466238608,0.6638017466238608,-0.00760924520976013,0.00760924520976013,0,40211266
9.5,87.23621441091477,81.62509214201602,86.00420632450316,-1.2320080864116107,1.2320080864116107,-0.014122667916427436,0.014122667916427436,0,40211266
9.5,87.23621441091477,83.921955624264,85.07730009780917,-2.1589143131055977,2.1589143131055977,-0.024747913784249214,0.024747913784249214,0,40211266
9.5,87.23621441091477,86.218819106512,83.84072845346466,-3.3954859574501057,3.3954859574501057,-0.03892289435504518,0.03892289435504518,0,40211266
9.5,87.23621441091477,88.51568258876,82.09375323621204,-5.142461174702731,5.142461174702731,-0.0589486970454706,0.0589486970454706,0,40211266
9.5,87.23621441091477,90.812546071008,79.61774378110499,-7.618470629809778,7.618470629809778,-0.08733151342312917,0.08733151342312917,0,40211266
9.5,87.23621441091477,93.109409553256,76.63063930841534,-10.60557510249943,10.60557510249943,-0.12157307804008156,0.12157307804008156,0,40211266
9.5,87.23621441091477,95.406273035504,72.20699062032932,-15.029223790585448,15.029223790585448,-0.17228193465379246,0.17228193465379246,0,40211266
9.5,87.23621441091477,97.703136517752,66.55472706101396,-20.681487349900806,20.681487349900806,-0.23707456231976512,0.23707456231976512,0,40211266
9.5,87.23621441091477,100.0,60.000002384185294,-27.236212026729476,27.236212026729476,-0.3122122184077918,0.3122122184077918,0,40211266
9.5,88.76663719003479,69.11367068945694,88.93582283843983,0.16918564840504757,0.16918564840504757,0.0019059598714193588,0.0019059598714193588,0,43090443
9.5,88.76663719003479,70.02575311482153,88.84089367068867,0.07425648065388657,0.07425648065388657,0.000836535921653939,0.000836535921653939,0,43090443
9.5,88.76663719003479,71.31983706878144,88.68653448524661,-0.0801027047881746,0.0801027047881746,-0.00090239652333216,0.00090239652333216,0,43090443
9.5,88.76663719003479,73.52600344810595,88.68661630080733,-0.08002088922745543,0.08002088922745543,-0.0009014748306409744,0.0009014748306409744,0,43090443
9.5,88.76663719003479,75.73216982743045,88.48835648415202,-0.2782807058827643,0.2782807058827643,-0.003134969563925364,0.003134969563925364,0,43090443
9.5,88.76663719003479,77.93833620675495,88.15343972403254,-0.6131974660022479,0.6131974660022479,-0.006907972245129585,0.006907972245129585,0,43090443
9.5,88.76663719003479,80.14450258607945,87.8765835168942,-0.890053673140585,0.890053673140585,-0.010026894127296118,0.010026894127296118,0,43090443
9.5,88.76663719003479,82.35066896540397,87.20031280983102,-1.566324380203767,1.566324380203767,-0.017645417577896116,0.017645417577896116,0,43090443
9.5,88.76663719003479,84.55683534472847,86.1494442071836,-2.6171929828511793,2.6171929828511793,-0.029483971294848078,0.029483971294848078,0,43090443
9.5,88.76663719003479,86.76300172405297,84.78168398581066,-3.9849532042241265,3.9849532042241265,-0.04489246557457163,0.04489246557457163,0,43090443
9.5,88.76663719003479,88.96916810337748,82.87685069567044,-5.889786494364344,5.889786494364344,-0.0663513531751268,0.0663513531751268,0,43090443
9.5,88.76663719003479,91.17533448270198,80.2382020792332,-8.528435110801581,8.528435110801581,-0.09607703277689345,0.09607703277689345,0,43090443
9.5,88.76663719003479,93.38150086202648,77.07416482795563,-11.692472362079158,11.692472362079158,-0.1317214747816513,0.1317214747816513,0,43090443
9.5,88.76663719003479,95.58766724135099,72.48161667105751,-16.285020518977277,16.285020518977277,-0.18345879752224614,0.18345879752224614,0,43090443
9.5,88.76663719003479,97.7938336206755,66.67966048402717,-22.08697670600762,22.08697670600762,-0.24882069891555122,0.24882069891555122,0,43090443
9.5,88.76663719003479,100.0,60.000002384185294,-28.766634805849492,28.766634805849492,-0.3240703457568732,0.3240703457568732,0,43090443
9.5,90.2970599691548,70.38445055160554,90.49613160873024,0.19907163957543617,0.19907163957543617,0.0022046303572169283,0.0022046303572169283,0,40205209
9.5,90.2970599691548,71.4106396018829,90.35390009739275,0.05684012823795115,0.05684012823795115,0.0006294792793626676,0.0006294792793626676,0,40205209
9.5,90.2970599691548,72.49984694077658,90.25043834040356,-0.04662162875123954,0.04662162875123954,-0.0005163139172766571,0.0005163139172766571,0,40205209
9.5,90.2970599691548,74.6152433299476,90.25695651126107,-0.040103457893735595,0.040103457893735595,-0.00044412805807226516,0.00044412805807226516,0,40205209
9.5,90.2970599691548,76.73063971911864,89.95506174079118,-0.3419982283636216,0.3419982283636216,-0.0037874791103990222,0.0037874791103990222,0,40205209
9.5,90.2970599691548,78.84603610828967,89.57653269838542,-0.7205272707693808,0.7205272707693808,-0.007979520828424654,0.007979520828424654,0,40205209
9.5,90.2970599691548,80.9614324974607,89.22981503661252,-1.0672449325422804,1.0672449325422804,-0.011819265576385853,0.011819265576385853,0,40205209
9.5,90.2970599691548,83.07682888663173,88.42070899370488,-1.876350975449924,1.876350975449924,-0.020779757127096714,0.020779757127096714,0,40205209
9.5,90.2970599691548,85.19222527580277,87.22918575365328,-3.0678742155015186,3.0678742155015186,-0.03397534998979474,0.03397534998979474,0,40205209
9.5,90.2970599691548,87.30762166497381,85.7190947629712,-4.577965206183606,4.577965206183606,-0.050698939785497166,0.050698939785497166,0,40205209
9.5,90.2970599691548,89.42301805414483,83.6527238029694,-6.644336166185397,6.644336166185397,-0.07358308419404887,0.07358308419404887,0,40205209
9.5,90.2970599691548,91.53841444331587,80.85168327942498,-9.445376689729827,9.445376689729827,-0.10460336906823255,0.10460336906823255,0,40205209
9.5,90.2970599691548,93.6538108324869,77.45247193421133,-12.84458803494347,12.84458803494347,-0.14224813121635568,0.14224813121635568,0,40205209
9.5,90.2970599691548,95.76920722165794,72.70350131929617,-17.593558649858636,17.593558649858636,-0.1948408802664067,0.1948408802664067,0,40205209
9.5,90.2970599691548,97.88460361082896,66.77465018880797,-23.522409780346834,23.522409780346834,-0.2605002841552318,0.2605002841552318,0,40205209
9.5,90.2970599691548,100.0,60.000002384185294,-30.297057584969508,30.297057584969508,-0.3355265121070264,0.3355265121070264,0,40205209
9.5,91.82748274827482,71.65457213380304,92.11016194203096,0.28267919375613815,0.28267919375613815,0.0030783724577427654,0.0030783724577427654,0,42046007
9.5,91.82748274827482,73.67924555281711,91.93033795390247,0.10285520562764816,0.10285520562764816,0.0011200917475828393,0.0011200917475828393,0,42046007
9.5,91.82748274827482,75.70391897183119,91.89017343008388,0.0626906818090589,0.0626906818090589,0.0006827006461770475,0.0006827006461770475,0,42046007
9.5,91.82748274827482,76.16125677709613,91.83267749466427,0.0051947463894492785,0.0051947463894492785,5.657071536731059e-5,5.657071536731059e-5,0,42046007
9.5,91.82748274827482,77.72859239084525,91.49142052351347,-0.33606222476134917,0.33606222476134917,-0.0036597129171295163,0.0036597129171295163,0,42046007
9.5,91.82748274827482,79.75326580985931,91.07337082995333,-0.7541119183214846,0.7541119183214846,-0.008212268220274745,0.008212268220274745,0,42046007
9.5,91.82748274827482,81.77793922887338,90.61905805811216,-1.2084246901626585,1.2084246901626585,-0.01315972793760767,0.01315972793760767,0,42046007
9.5,91.82748274827482,83.80261264788746,89.66224313700056,-2.1652396112742593,2.1652396112742593,-0.023579429017016564,0.023579429017016564,0,42046007
9.5,91.82748274827482,85.82728606690152,88.31160086488293,-3.5158818833918843,3.5158818833918843,-0.03828790442867648,0.03828790442867648,0,42046007
9.5,91.82748274827482,87.85195948591559,86.64692478240657,-5.180557965868246,5.180557965868246,-0.05641620363338964,0.05641620363338964,0,42046007
9.5,91.82748274827482,89.87663290492966,84.42517881821264,-7.402303930062175,7.402303930062175,-0.08061098604166238,0.08061098604166238,0,42046007
9.5,91.82748274827482,91.90130632394373,81.4624646622547,-10.365018086020115,10.365018086020115,-0.11287490167223216,0.11287490167223216,0,42046007
9.5,91.82748274827482,93.9259797429578,77.76281052734284,-14.064672220931982,14.064672220931982,-0.15316408334405984,0.15316408334405984,0,42046007
9.5,91.82748274827482,95.95065316197186,72.87166530991209,-18.95581743836273,18.95581743836273,-0.20642858620360968,0.20642858620360968,0,42046007
9.5,91.82748274827482,97.97532658098594,66.8397481379105,-24.987734610364313,24.987734610364313,-0.27211607965844803,0.27211607965844803,0,42046007
9.5,91.82748274827482,100.0,60.000002384185294,-31.827480364089524,31.827480364089524,-0.346600815045074,0.346600815045074,0,42046007
