c,p,vb,debt,debt_diff,abs_debt_diff,debt_per_diff,abs_debt_per_diff,count,time
3.0,13.506150615061506,41.323941240573554,88.0818992910076,20.551146215700072,20.551146215700072,0.3043227756216827,0.3043227756216827,1,69045890
3.0,13.506150615061506,43.12374865449007,88.0818992910076,20.551146215700072,20.551146215700072,0.3043227756216827,0.3043227756216827,1,69045890
3.0,13.506150615061506,44.92355606840658,88.0818992910076,20.551146215700072,20.551146215700072,0.3043227756216827,0.3043227756216827,1,69045890
3.0,13.506150615061506,46.723363482323094,85.89745740883392,18.366704333526386,18.366704333526386,0.2719754111588921,0.2719754111588921,1,69045890
3.0,13.506150615061506,48.52317089623961,86.02212309052415,18.491370015216617,18.491370015216617,0.27382146908084676,0.27382146908084676,1,69045890
3.0,13.506150615061506,50.32297831015613,86.11254238556586,18.58178931025833,18.58178931025833,0.27516040417225435,0.27516040417225435,1,69045890
3.0,13.506150615061506,52.12278572407265,86.17143256377626,18.640679488468734,18.640679488468734,0.2760324539500013,0.2760324539500013,1,69045890
3.0,13.506150615061506,53.92259313798917,86.19892313439698,18.668170059089448,18.668170059089448,0.27643953619577544,0.27643953619577544,1,69045890
3.0,13.506150615061506,55.72240055190568,86.20382648101955,18.673073405712017,18.673073405712017,0.2765121452871786,0.2765121452871786,1,69045890
3.0,13.506150615061506,57.52220796582219,86.18779930936334,18.657046234055812,18.657046234055812,0.2762748138355608,0.2762748138355608,1,69045890
3.0,13.506150615061506,59.32201537973871,86.14714777099931,18.61639469569178,18.61639469569178,0.2756728430813076,0.2756728430813076,1,69045890
3.0,13.506150615061506,61.12182279365523,86.07951069014773,18.5487576148402,18.5487576148402,0.2746712685723404,0.2746712685723404,1,69045890
3.0,13.506150615061506,62.92163020757174,85.99132813477463,18.460575059467104,18.460575059467104,0.27336545527458617,0.27336545527458617,1,69045890
3.0,13.506150615061506,64.72143762148826,85.88979558165666,18.359042506349127,18.359042506349127,0.2718619542991898,0.2718619542991898,1,69045890
3.0,13.506150615061506,66.52124503540477,85.72550801737779,18.19475494207026,18.19475494207026,0.26942917283597023,0.26942917283597023,1,69045890
3.0,13.506150615061506,68.32105244932129,85.48991341590533,17.959160340597805,17.959160340597805,0.26594047189982445,0.26594047189982445,1,69045890
3.0,13.506150615061506,70.1208598632378,85.19490248589636,17.664149410588834,17.664149410588834,0.2615719299159969,0.2615719299159969,1,69045890
3.0,13.506150615061506,71.92066727715431,84.8302489626634,17.299495887355874,17.299495887355874,0.2561721156591307,0.2561721156591307,1,69045890
3.0,13.506150615061506,73.72047469107083,84.38676340828557,16.856010332978045,16.856010332978045,0.24960495130538396,0.24960495130538396,1,69045890
3.0,13.506150615061506,75.52028210498736,83.85688672492807,16.326133649620544,16.326133649620544,0.2417585012181681,0.2417585012181681,1,69045890
3.0,13.506150615061506,77.32008951890387,83.23342308883846,15.702670013530934,15.702670013530934,0.23252620914829664,0.23252620914829664,1,69045890
3.0,13.506150615061506,79.11989693282038,82.49958823964323,14.968835164335701,14.968835164335701,0.2216595326227603,0.2216595326227603,1,69045890
3.0,13.506150615061506,80.91970434673689,81.62798161383273,14.0972285385252,14.0972285385252,0.20875272222722807,0.20875272222722807,1,69045890
3.0,13.506150615061506,82.7195117606534,80.59429676935368,13.063543694046146,13.063543694046146,0.1934458465090448,0.1934458465090448,1,69045890
3.0,13.506150615061506,84.51931917456993,79.39492524833113,11.864172173023604,11.864172173023604,0.1756854711777487,0.1756854711777487,1,69045890
3.0,13.506150615061506,86.31912658848644,78.04473464299622,10.513981567688688,10.513981567688688,0.15569175655369824,0.15569175655369824,1,69045890
3.0,13.506150615061506,88.11893400240295,76.55654309221029,9.02579001690276,9.02579001690276,0.1336545145118931,0.1336545145118931,1,69045890
3.0,13.506150615061506,89.91874141631948,74.88162699888059,7.350873923573062,7.350873923573062,0.1088522427015684,0.1088522427015684,1,69045890
3.0,13.506150615061506,91.71854883023599,72.89009362427252,5.359340548964994,5.359340548964994,0.07936148058334959,0.07936148058334959,1,69045890
3.0,14.016874055826635,42.518161455355724,90.1718821996835,20.087511920550313,20.087511920550313,0.28661899708230865,0.28661899708230865,1,77251982
3.0,14.016874055826635,44.370026935799686,90.1718821996835,20.087511920550313,20.087511920550313,0.28661899708230865,0.28661899708230865,1,77251982
3.0,14.016874055826635,46.22189241624365,87.8383637675251,17.753993488391913,17.753993488391913,0.2533231506209019,0.2533231506209019,1,77251982
3.0,14.016874055826635,48.07375789668761,87.96962603003232,17.885255750899134,17.885255750899134,0.25519606839107556,0.25519606839107556,1,77251982
3.0,14.016874055826635,49.92562337713158,88.0677273103685,17.983357031235315,17.983357031235315,0.2565958281370141,0.2565958281370141,1,77251982
3.0,14.016874055826635,51.77748885757554,88.13547436623695,18.051104087103766,18.051104087103766,0.2575624781275701,0.2575624781275701,1,77251982
3.0,14.016874055826635,53.6293543380195,88.17193152569004,18.08756124655686,18.08756124655686,0.25808266771203653,0.25808266771203653,1,77251982
3.0,14.016874055826635,55.48121981846347,88.18039059156045,18.09602031242727,18.09602031242727,0.2582033660337411,0.2582033660337411,1,77251982
3.0,14.016874055826635,57.333085298907434,88.16269828620091,18.078328007067725,18.078328007067725,0.25795092308121004,0.25795092308121004,1,77251982
3.0,14.016874055826635,59.1849507793514,88.1177135649817,18.033343285848517,18.033343285848517,0.2573090578402149,0.2573090578402149,1,77251982
3.0,14.016874055826635,61.03681625979536,88.04260264204333,17.958232362910152,17.958232362910152,0.2562373363902081,0.2562373363902081,1,77251982
3.0,14.016874055826635,62.88868174023932,87.93244956382577,17.848079284692588,17.848079284692588,0.2546656153662645,0.2546656153662645,1,77251982
3.0,14.016874055826635,64.74054722068328,87.77995898653063,17.695588707397448,17.695588707397448,0.25248980103436997,0.25248980103436997,1,77251982
3.0,14.016874055826635,66.59241270112724,87.57766462361086,17.493294344477675,17.493294344477675,0.2496033605610651,0.2496033605610651,1,77251982
3.0,14.016874055826635,68.4442781815712,87.31793851741331,17.233568238280128,17.233568238280128,0.24589745430603127,0.24589745430603127,1,77251982
3.0,14.016874055826635,70.29614366201517,86.99031139766826,16.905941118535083,16.905941118535083,0.24122270131274381,0.24122270131274381,1,77251982
3.0,14.016874055826635,72.14800914245914,86.5834835496434,16.49911327051022,16.49911327051022,0.2354178714140868,0.2354178714140868,1,77251982
3.0,14.016874055826635,73.9998746229031,86.08704190928145,16.00267163014827,16.00267163014827,0.2283343856328104,0.2283343856328104,1,77251982
3.0,14.016874055826635,75.85174010334707,85.49205910645688,15.407688827323696,15.407688827323696,0.21984486364017683,0.21984486364017683,1,77251982
3.0,14.016874055826635,77.70360558379103,84.78930321822607,14.704932939092885,14.704932939092885,0.2098175795905112,0.2098175795905112,1,77251982
3.0,14.016874055826635,79.555471064235,83.95592906769181,13.87155878855863,13.87155878855863,0.19792656669826322,0.19792656669826322,1,77251982
3.0,14.016874055826635,81.40733654467896,82.96081311715604,12.876442838022854,12.876442838022854,0.18372773824946054,0.18372773824946054,1,77251982
3.0,14.016874055826635,83.25920202512292,81.77879404881931,11.694423769686125,11.694423769686125,0.16686207956366564,0.16686207956366564,1,77251982
3.0,14.016874055826635,85.1110675055669,80.41221173414378,10.3278414550106,10.3278414550106,0.14736297713565383,0.14736297713565383,1,77251982
3.0,14.016874055826635,86.96293298601086,78.87376651376668,8.7893962346335,8.7893962346335,0.12541164598650095,0.12541164598650095,1,77251982
3.0,14.016874055826635,88.81479846645482,77.16451925846715,7.08014897933397,7.08014897933397,0.1010232231685187,0.1010232231685187,1,77251982
3.0,14.016874055826635,90.66666394689878,75.1837556736364,5.099385394503216,5.099385394503216,0.07276066509827084,0.07276066509827084,1,77251982
3.0,14.016874055826635,92.47782501703848,72.84999725089271,2.7656269717595308,2.7656269717595308,0.039461394327216556,0.039461394327216556,1,77251982
3.0,14.016874055826635,94.27965259182179,70.08447837085642,0.00010809172323433813,0.00010809172323433813,1.542308546168406e-6,1.542308546168406e-6,1,77251982
3.0,14.016874055826635,94.28898608717819,70.07022938876582,-0.014140890367357883,0.014140890367357883,-0.00020176952879846552,0.00020176952879846552,1,77251982
3.0,14.016874055826635,94.32969049748245,70.00800463842114,-0.07636564071204077,0.07636564071204077,-0.0010896244113757524,0.0010896244113757524,1,77251982
3.0,14.016874055826635,94.3703949077867,69.94564424459645,-0.13872603453673094,0.13872603453673094,-0.001979414725197795,0.001979414725197795,1,77251982
3.0,14.527597496591765,43.71294072982723,92.26186510835974,19.623877625400922,19.623877625400922,0.2701599852281806,0.2701599852281806,1,91691296
3.0,14.527597496591765,45.61682702003094,89.69902027445667,17.06103279149785,17.06103279149785,0.23487755350463752,0.23487755350463752,1,91691296
3.0,14.527597496591765,47.52071331023465,89.8458935113387,17.20790602837988,17.20790602837988,0.23689954285169215,0.23689954285169215,1,91691296
3.0,14.527597496591765,49.424599600438356,89.9512732522344,17.31328576927558,17.31328576927558,0.2383502953373722,0.2383502953373722,1,91691296
3.0,14.527597496591765,51.328485890642064,90.0251856326171,17.387198149658275,17.387198149658275,0.23936783977856468,0.23936783977856468,1,91691296
3.0,14.527597496591765,53.23237218084577,90.06500141388923,17.427013930930414,17.427013930930414,0.23991597970715894,0.23991597970715894,1,91691296
3.0,14.527597496591765,55.13625847104949,90.07384159317932,17.435854110220504,17.435854110220504,0.24003768158239555,0.24003768158239555,1,91691296
3.0,14.527597496591765,57.040144761253195,90.05381641397618,17.41582893101736,17.41582893101736,0.23976199691797884,0.23976199691797884,1,91691296
3.0,14.527597496591765,58.9440310514569,90.00438427329902,17.366396790340204,17.366396790340204,0.23908146951916082,0.23908146951916082,1,91691296
3.0,14.527597496591765,60.84791734166061,89.92278691446427,17.284799431505448,17.284799431505448,0.237958126738582,0.237958126738582,1,91691296
3.0,14.527597496591765,62.75180363186432,89.80442392787674,17.16643644491792,17.16643644491792,0.236328635191679,0.236328635191679,1,91691296
3.0,14.527597496591765,64.65568992206804,89.64226130136282,17.004273818404002,17.004273818404002,0.2340961583275318,0.2340961583275318,1,91691296
3.0,14.527597496591765,66.55957621227174,89.42600025219342,16.788012769234598,16.788012769234598,0.23111891382140973,0.23111891382140973,1,91691296
3.0,14.527597496591765,68.46346250247544,89.1457032578589,16.507715774900078,16.507715774900078,0.22726009278234557,0.22726009278234557,1,91691296
3.0,14.527597496591765,70.36734879267915,88.78864147973003,16.15065399677121,16.15065399677121,0.22234445854602214,0.22234445854602214,1,91691296
3.0,14.527597496591765,72.27123508288287,88.34206124591934,15.704073762960519,15.704073762960519,0.21619643257110835,0.21619643257110835,1,91691296
3.0,14.527597496591765,74.17512137308657,87.79463647834832,15.156648995389503,15.156648995389503,0.2086600898592533,0.2086600898592533,1,91691296
3.0,14.527597496591765,76.07900766329027,87.13582219869933,14.49783471574051,14.49783471574051,0.19959025873537264,0.19959025873537264,1,91691296
3.0,14.527597496591765,77.98289395349398,86.35389183998193,13.715904357023106,13.715904357023106,0.18882550070981682,0.18882550070981682,1,91691296
3.0,14.527597496591765,79.8867802436977,85.42071900985023,12.78273152689141,12.78273152689141,0.17597860251690334,0.17597860251690334,1,91691296
3.0,14.527597496591765,81.79066653390142,84.30124990123115,11.663262418272325,11.663262418272325,0.16056698185654683,0.16056698185654683,1,91691296
3.0,14.527597496591765,83.69455282410513,82.97014152643663,10.332154043477814,10.332154043477814,0.14224174432010223,0.14224174432010223,1,91691296
3.0,14.527597496591765,85.59843911430883,81.43270449059868,8.79471700763986,8.79471700763986,0.12107600048394979,0.12107600048394979,1,91691296
3.0,14.527597496591765,87.50232540451253,79.69863471880909,7.0606472358502685,7.0606472358502685,0.09720323319126548,0.09720323319126548,1,91691296
3.0,14.527597496591765,89.40621169471625,77.74454790300906,5.1065604200502435,5.1065604200502435,0.0703015129824221,0.0703015129824221,1,91691296
3.0,14.527597496591765,91.3017779186311,75.44070456792728,2.8027170849684637,2.8027170849684637,0.03858472931434111,0.03858472931434111,1,91691296
3.0,14.527597496591765,93.19734414254596,72.6389747698996,0.0009872869407843154,0.0009872869407843154,1.3591881809995592e-5,1.3591881809995592e-5,1,91691296
3.0,14.527597496591765,93.19787723603815,72.63810591632762,0.00011843336879735489,0.00011843336879735489,1.6304604918347974e-6,1.6304604918347974e-6,1,91691296
3.0,14.527597496591765,93.2056642088348,72.6254088686589,-0.012578614299926016,0.012578614299926016,-0.0001731685408117483,0.0001731685408117483,1,91691296
3.0,14.527597496591765,93.21398427512366,72.61183103342933,-0.026156449529494807,0.026156449529494807,-0.000360093257479514,0.000360093257479514,1,91691296
3.0,14.527597496591765,95.11787056532737,69.43526080187952,-3.202726681079298,3.202726681079298,-0.04409162191932522,0.04409162191932522,1,91691296
3.0,14.527597496591765,97.02175685553108,66.00945774428854,-6.628529738670281,6.628529738670281,-0.09125431428321665,0.09125431428321665,1,91691296
3.0,15.038320937356893,44.90830154877942,94.35184801703727,19.160243330252797,19.160243330252797,0.25481891775107124,0.25481891775107124,1,104854554
3.0,15.038320937356893,46.86421528511054,91.70131604668862,16.509711359904145,16.509711359904145,0.21956854663065675,0.21956854663065675,1,104854554
3.0,15.038320937356893,48.82012902144166,91.81638494180064,16.624780255016162,16.624780255016162,0.22109888895532642,0.22109888895532642,1,104854554
3.0,15.038320937356893,50.77604275777278,91.89886811452598,16.70726342774151,16.70726342774151,0.22219586212233006,0.22219586212233006,1,104854554
3.0,15.038320937356893,52.7319564941039,91.94512396417686,16.753519277392385,16.753519277392385,0.22281103518378495,0.22281103518378495,1,104854554
3.0,15.038320937356893,54.68787023043502,91.9565180652208,16.764913378436333,16.764913378436333,0.22296256940215164,0.22296256940215164,1,104854554
3.0,15.038320937356893,56.64378396676614,91.93606043537858,16.744455748594106,16.744455748594106,0.22269049607790958,0.22269049607790958,1,104854554
3.0,15.038320937356893,58.59969770309726,91.88333095539919,16.691726268614715,16.691726268614715,0.22198922789512457,0.22198922789512457,1,104854554
3.0,15.038320937356893,60.55561143942838,91.7961533535324,16.60454866674793,16.60454866674793,0.22082982183869143,0.22082982183869143,1,104854554
3.0,15.038320937356893,62.5115251757595,91.66984904737188,16.47824436058741,16.47824436058741,0.2191500557705692,0.2191500557705692,1,104854554
3.0,15.038320937356893,64.46743891209061,91.498057864698,16.306453177913525,16.306453177913525,0.21686534348933126,0.21686534348933126,1,104854554
3.0,15.038320937356893,66.42335264842174,91.27052866275149,16.078923975967015,16.078923975967015,0.21383935138696428,0.21383935138696428,1,104854554
3.0,15.038320937356893,68.37926638475285,90.97399069884766,15.782386012063185,15.782386012063185,0.20989558711781378,0.20989558711781378,1,104854554
3.0,15.038320937356893,70.33518012108397,90.59257849575948,15.40097380897501,15.40097380897501,0.20482305003502413,0.20482305003502413,1,104854554
3.0,15.038320937356893,72.29109385741509,90.11061626557384,14.919011578789366,14.919011578789366,0.19841326223765912,0.19841326223765912,1,104854554
3.0,15.038320937356893,74.24700759374622,89.51565175302791,14.324047066243438,14.324047066243438,0.19050061673655175,0.19050061673655175,1,104854554
3.0,15.038320937356893,76.20292133007734,88.79594981595396,13.604345129169488,13.604345129169488,0.1809290436856518,0.1809290436856518,1,104854554
3.0,15.038320937356893,78.15883506640847,87.93701048853214,12.745405801747665,12.745405801747665,0.16950570286190172,0.16950570286190172,1,104854554
3.0,15.038320937356893,80.11474880273958,86.90626589753919,11.714661210754713,11.714661210754713,0.15579746249003326,0.15579746249003326,1,104854554
3.0,15.038320937356893,82.0706625390707,85.66450852640223,10.472903839617757,10.472903839617757,0.1392828878070008,0.1392828878070008,1,104854554
3.0,15.038320937356893,84.02657627540182,84.18584073382212,8.994236047037646,8.994236047037646,0.11961755683368804,0.11961755683368804,1,104854554
3.0,15.038320937356893,85.98249001173295,82.47565880921367,7.284054122429197,7.284054122429197,0.09687323674991907,0.09687323674991907,1,104854554
3.0,15.038320937356893,87.93840374806406,80.53991873485747,5.348314048072993,5.348314048072993,0.07112913829079381,0.07112913829079381,1,104854554
3.0,15.038320937356893,89.89431748439517,78.32255795216184,3.1309532653773715,3.1309532653773715,0.041639665470893476,0.041639665470893476,1,104854554
3.0,15.038320937356893,91.8502312207263,75.65679447831654,0.46518979153206885,0.46518979153206885,0.006186725146641666,0.006186725146641666,1,104854554
3.0,15.038320937356893,92.00482818841559,75.42243861197596,0.23083392519149015,0.23083392519149015,0.003069942796846056,0.003069942796846056,1,104854554
3.0,15.038320937356893,92.1544962041998,75.19195066415416,0.0003459773696903312,0.0003459773696903312,4.601276580431053e-6,4.601276580431053e-6,1,104854554
3.0,15.038320937356893,92.15942515610487,75.18429916277313,-0.007305524011343323,0.007305524011343323,-9.715877246901378e-5,9.715877246901378e-5,1,104854554
3.0,15.038320937356893,93.96074192474671,72.1519192321687,-3.0396854546157783,3.0396854546157783,-0.04042586226584452,0.04042586226584452,1,104854554
3.0,15.038320937356893,95.76205869338854,68.89293781573548,-6.298666871048994,6.298666871048994,-0.08376821983367028,0.08376821983367028,1,104854554
3.0,15.038320937356893,97.71797242971965,65.00186318688515,-10.189741499899327,10.189741499899327,-0.13551701074003353,0.13551701074003353,1,104854554
3.0,15.038320937356893,99.67388616605078,60.74524623379587,-14.446358452988605,14.446358452988605,-0.19212727954358538,0.19212727954358538,1,104854554
3.0,15.549044378122023,46.1029883844878,93.53293065138561,15.787708760775502,15.787708760775502,0.2030698270176563,0.2030698270176563,1,106976827
3.0,15.549044378122023,48.027881656470385,93.65848868908019,15.913266798470076,15.913266798470076,0.2046848206422322,0.2046848206422322,1,106976827
3.0,15.549044378122023,49.95277492845296,93.74866929700221,16.003447406392098,16.003447406392098,0.2058447711283072,0.2058447711283072,1,106976827
3.0,15.549044378122023,51.87766820043554,93.80648391472697,16.061262024116857,16.061262024116857,0.20658841319811963,0.20658841319811963,1,106976827
3.0,15.549044378122023,53.80256147241811,93.82830867743478,16.083086786824666,16.083086786824666,0.20686913479331318,0.20686913479331318,1,106976827
3.0,15.549044378122023,55.72745474440069,93.81686639273376,16.071644502123647,16.071644502123647,0.2067219580997137,0.2067219580997137,1,106976827
3.0,15.549044378122023,57.65234801638327,93.77309201724412,16.027870126634014,16.027870126634014,0.20615890902190379,0.20615890902190379,1,106976827
3.0,15.549044378122023,59.577241288365855,93.69548881331679,15.950266922706675,15.950266922706675,0.2051607357317622,0.2051607357317622,1,106976827
3.0,15.549044378122023,61.50213456034843,93.5808609412521,15.835639050641987,15.835639050641987,0.20368633165550948,0.20368633165550948,1,106976827
3.0,15.549044378122023,63.42702783233101,93.42420511636875,15.678983225758643,15.678983225758643,0.20167134190985328,0.20167134190985328,1,106976827
3.0,15.549044378122023,65.35192110431359,93.21850902132957,15.473287130719456,15.473287130719456,0.1990255703751266,0.1990255703751266,1,106976827
3.0,15.549044378122023,67.27681437629616,92.9532939477638,15.208072057153686,15.208072057153686,0.19561423438410022,0.19561423438410022,1,106976827
3.0,15.549044378122023,69.20170764827874,92.61424669116472,14.869024800554612,14.869024800554612,0.19125322996023836,0.19125322996023836,1,106976827
3.0,15.549044378122023,71.12660092026132,92.18205301873198,14.436831128121867,14.436831128121867,0.18569412726655957,0.18569412726655957,1,106976827
3.0,15.549044378122023,73.0514941922439,91.64084949603178,13.895627605421666,13.895627605421666,0.17873288245254784,0.17873288245254784,1,106976827
3.0,15.549044378122023,74.97638746422648,90.97873367366422,13.233511783054112,13.233511783054112,0.17021639994383275,0.17021639994383275,1,106976827
3.0,15.549044378122023,76.90128073620906,90.18420238835002,12.438980497739905,12.438980497739905,0.15999671999447027,0.15999671999447027,1,106976827
3.0,15.549044378122023,78.82617400819163,89.23767969543154,11.492457804821427,11.492457804821427,0.14782204649170164,0.14782204649170164,1,106976827
3.0,15.549044378122023,80.75106728017421,88.10263719630845,10.35741530569834,10.35741530569834,0.13322253192963468,0.13322253192963468,1,106976827
3.0,15.549044378122023,82.6759605521568,86.74173527947042,8.996513388860308,8.996513388860308,0.11571789455458337,0.11571789455458337,1,106976827
3.0,15.549044378122023,84.60085382413938,85.13814455195497,7.392922661344855,7.392922661344855,0.09509166584857037,0.09509166584857037,1,106976827
3.0,15.549044378122023,86.52574709612196,83.29642539506217,5.551203504452062,5.551203504452062,0.07140250383827798,0.07140250383827798,1,106976827
3.0,15.549044378122023,88.45064036810453,81.21451527218794,3.4692933815778275,3.4692933815778275,0.04462387909136369,0.04462387909136369,1,106976827
3.0,15.549044378122023,89.77311301748122,79.6013332821477,1.8561113915375955,1.8561113915375955,0.023874282514097143,0.023874282514097143,1,106976827
3.0,15.549044378122023,91.0955856668579,77.77548139580209,0.030259505191978064,0.030259505191978064,0.00038921369643209853,0.00038921369643209853,1,106976827
3.0,15.549044378122023,91.11606673608249,77.74526818505967,4.6294449560946305e-5,4.6294449560946305e-5,5.954635980856033e-7,5.954635980856033e-7,1,106976827
3.0,15.549044378122023,91.69800628946379,76.85995532493523,-0.8852665656748826,0.8852665656748826,-0.01138676492454391,0.01138676492454391,1,106976827
3.0,15.549044378122023,92.30042691206968,75.88633153896495,-1.858890351645158,1.858890351645158,-0.023910026962951796,0.023910026962951796,1,106976827
3.0,15.549044378122023,94.22532018405226,72.45547229435105,-5.289749596259057,5.289749596259057,-0.06803954593765126,0.06803954593765126,1,106976827
3.0,15.549044378122023,96.15021345603485,68.6819438789592,-9.063278011650908,9.063278011650908,-0.1165766563043992,0.1165766563043992,1,106976827
3.0,15.549044378122023,98.07510672801743,64.52880311063181,-13.216418779978298,13.216418779978298,-0.16999654073370837,0.16999654073370837,1,106976827
3.0,15.549044378122023,100.0,60.00000238418551,-17.745219506424604,17.745219506424604,-0.2282483614413329,0.2282483614413329,1,106976827
3.0,16.059767818887153,47.297090277306424,95.49071336661744,15.191874272181678,15.191874272181678,0.18919170493007023,0.18919170493007023,1,107687005
3.0,16.059767818887153,49.17933705311691,95.58647075548369,15.287631661047925,15.287631661047925,0.19038421767304564,0.19038421767304564,1,107687005
3.0,16.059767818887153,51.0615838289274,95.65235959380324,15.353520499367477,15.353520499367477,0.19120476301420633,0.19120476301420633,1,107687005
3.0,16.059767818887153,52.94383060473788,95.68592383187823,15.387084737442464,15.387084737442464,0.19162275458735367,0.19162275458735367,1,107687005
3.0,16.059767818887153,54.82607738054836,95.68520837853602,15.386369284100255,15.386369284100255,0.1916138447033469,0.1916138447033469,1,107687005
3.0,16.059767818887153,56.70832415635885,95.65177269346556,15.352933599029797,15.352933599029797,0.19119745406249172,0.19119745406249172,1,107687005
3.0,16.059767818887153,58.590570932169335,95.58476742683267,15.285928332396907,15.285928332396907,0.19036300530347433,0.19036300530347433,1,107687005
3.0,16.059767818887153,60.472817707979814,95.48233061301448,15.18349151857872,15.18349151857872,0.1890873104743409,0.1890873104743409,1,107687005
3.0,16.059767818887153,62.3550644837903,95.34030280580414,15.04146371136838,15.04146371136838,0.18731856999425367,0.18731856999425367,1,107687005
3.0,16.059767818887153,64.23731125960079,95.15366638590635,14.854827291470585,14.854827291470585,0.184994297040839,0.184994297040839,1,107687005
3.0,16.059767818887153,66.11955803541127,94.91512137215055,14.616282277714788,14.616282277714788,0.18202358144337868,0.18202358144337868,1,107687005
3.0,16.059767818887153,68.00180481122176,94.61411597724877,14.31527688281301,14.31527688281301,0.17827501672816803,0.17827501672816803,1,107687005
3.0,16.059767818887153,69.88405158703225,94.23624747192476,13.937408377488993,13.937408377488993,0.1735692387918317,0.1735692387918317,1,107687005
3.0,16.059767818887153,71.76629836284273,93.76081533736586,13.461976242930092,13.461976242930092,0.16764845413391447,0.16764845413391447,1,107687005
3.0,16.059767818887153,73.64854513865322,93.17088509177722,12.87204599734146,12.87204599734146,0.16030176952126593,0.16030176952126593,1,107687005
3.0,16.059767818887153,75.53079191446369,92.4548711694718,12.156032075036038,12.156032075036038,0.15138490434139265,0.15138490434139265,1,107687005
3.0,16.059767818887153,77.41303869027418,91.60058789397995,11.301748799544185,11.301748799544185,0.140746104514073,0.140746104514073,1,107687005
3.0,16.059767818887153,79.29528546608466,90.58417491722435,10.285335822788582,10.285335822788582,0.12808822566777675,0.12808822566777675,1,107687005
3.0,16.059767818887153,81.17753224189515,89.3694684914186,9.070629396982838,9.070629396982838,0.11296090328672484,0.11296090328672484,1,107687005
3.0,16.059767818887153,83.05977901770564,87.92213986941499,7.623300774979228,7.623300774979228,0.094936624999196,0.094936624999196,1,107687005
3.0,16.059767818887153,84.94202579351612,86.23083405451997,5.931994960084211,5.931994960084211,0.07387398157908441,0.07387398157908441,1,107687005
3.0,16.059767818887153,86.82427256932661,84.29663215652792,3.997793062092157,3.997793062092157,0.04978643660577131,0.04978643660577131,1,107687005
3.0,16.059767818887153,88.7065193451371,82.10977388476599,1.8109347903302222,1.8109347903302222,0.022552440492949907,0.022552440492949907,1,107687005
3.0,16.059767818887153,89.38148096609117,81.24625448064452,0.9474153862087604,0.9474153862087604,0.011798618720932552,0.011798618720932552,1,107687005
3.0,16.059767818887153,90.05644258704527,80.32843640223294,0.029597307797175176,0.029597307797175176,0.00036858948561344887,0.00036858948561344887,1,107687005
3.0,16.059767818887153,90.0775239617481,80.29881647476644,-2.2619669323376e-5,2.2619669323376e-5,-2.816936032758089e-7,2.816936032758089e-7,1,107687005
3.0,16.059767818887153,91.26372774190166,78.52941589413159,-1.7694232003041748,1.7694232003041748,-0.022035476729909353,0.022035476729909353,1,107687005
3.0,16.059767818887153,92.47101289675805,76.49874405280865,-3.8000950416271166,3.8000950416271166,-0.047324408229090335,0.047324408229090335,1,107687005
3.0,16.059767818887153,94.35325967256854,72.96468102141279,-7.3341580730229765,7.3341580730229765,-0.09133579209529556,0.09133579209529556,1,107687005
3.0,16.059767818887153,96.23550644837903,69.02717402605913,-11.271665068376635,11.271665068376635,-0.1403714573646644,0.1403714573646644,1,107687005
3.0,16.059767818887153,98.11775322418951,64.70353136065876,-15.595307733777005,15.595307733777005,-0.19421585554227108,0.19421585554227108,1,107687005
3.0,16.059767818887153,100.0,60.00000238418551,-20.298836710250256,20.298836710250256,-0.25279116036008603,0.25279116036008603,1,107687005
3.0,16.570491259652282,48.491953009247,97.41612068105233,14.563664382790918,14.563664382790918,0.1757783055986057,0.1757783055986057,1,100699032
3.0,16.570491259652282,50.33152611605961,97.4877374484871,14.63528115022568,14.63528115022568,0.1766426947867421,0.1766426947867421,1,100699032
3.0,16.570491259652282,52.171099222872215,97.52873970834428,14.67628341008286,14.67628341008286,0.17713757763861043,0.17713757763861043,1,100699032
3.0,16.570491259652282,54.01067232968482,97.53947614414602,14.687019845884606,14.687019845884606,0.17726716264165604,0.17726716264165604,1,100699032
3.0,16.570491259652282,55.850245436497424,97.51682193836575,14.664365640104336,14.664365640104336,0.17699373434764484,0.17699373434764484,1,100699032
3.0,16.570491259652282,57.68981854331003,97.4607439594632,14.608287661201786,14.608287661201786,0.17631689287054159,0.17631689287054159,1,100699032
3.0,16.570491259652282,59.52939165012264,97.36904903362765,14.516592735366231,14.516592735366231,0.17521016737401,0.17521016737401,1,100699032
3.0,16.570491259652282,61.36896475693525,97.23991696966463,14.387460671403218,14.387460671403218,0.17365158879067688,0.17365158879067688,1,100699032
3.0,16.570491259652282,63.20853786374786,97.06812996399881,14.215673665737398,14.215673665737398,0.1715781800670127,0.1715781800670127,1,100699032
3.0,16.570491259652282,65.04811097056046,96.84870414112116,13.996247842859745,13.996247842859745,0.1689297875789525,0.1689297875789525,1,100699032
3.0,16.570491259652282,66.88768407737307,96.57433037392222,13.721874075660807,13.721874075660807,0.16561819273363834,0.16561819273363834,1,100699032
3.0,16.570491259652282,68.72725718418567,96.23379334937846,13.381337051117043,13.381337051117043,0.16150803064842675,0.16150803064842675,1,100699032
3.0,16.570491259652282,70.56683029099828,95.81289274822615,12.960436449964732,12.960436449964732,0.15642790846548135,0.15642790846548135,1,100699032
3.0,16.570491259652282,72.40640339781089,95.29210103206327,12.439644733801856,12.439644733801856,0.15014213566608395,0.15014213566608395,1,100699032
3.0,16.570491259652282,74.2459765046235,94.65250222746766,11.800045929206249,11.800045929206249,0.14242240310567428,0.14242240310567428,1,100699032
3.0,16.570491259652282,76.08554961143611,93.88217251710725,11.029716218845834,11.029716218845834,0.1331247945038569,0.1331247945038569,1,100699032
3.0,16.570491259652282,77.92512271824872,92.96708190630196,10.11462560804054,10.11462560804054,0.12207997276059983,0.12207997276059983,1,100699032
3.0,16.570491259652282,79.76469582506132,91.8784706438469,9.02601434558548,9.02601434558548,0.10894081779654954,0.10894081779654954,1,100699032
3.0,16.570491259652282,81.60426893187393,90.58249358322023,7.7300372849588115,7.7300372849588115,0.09329883059992054,0.09329883059992054,1,100699032
3.0,16.570491259652282,83.44384203868654,89.04890530130383,6.196449003042417,6.196449003042417,0.07478895955402645,0.07478895955402645,1,100699032
3.0,16.570491259652282,85.28341514549915,87.27055556588968,4.418099267628264,4.418099267628264,0.05332490387157024,0.05332490387157024,1,100699032
3.0,16.570491259652282,87.12298825231176,85.24485452441063,2.3923982261492114,2.3923982261492114,0.02887540494317745,0.02887540494317745,1,100699032
3.0,16.570491259652282,88.96256135912435,82.95269335790434,0.10023705964292162,0.10023705964292162,0.0012098260464611598,0.0012098260464611598,1,100699032
3.0,16.570491259652282,88.99922441777372,82.90360498285033,0.05114868458890953,0.05114868458890953,0.0006173466288649168,0.0006173466288649168,1,100699032
3.0,16.570491259652282,89.03588747642308,82.85436068648723,0.001904388225810294,0.001904388225810294,2.298529592115733e-5,2.298529592115733e-5,1,100699032
3.0,16.570491259652282,89.03743273328537,82.85228171858904,-0.00017457967237533012,0.00017457967237533012,-2.1071152283869406e-6,2.1071152283869406e-6,1,100699032
3.0,16.570491259652282,90.83879752458633,80.21539677710811,-2.6370595211533043,2.6370595211533043,-0.031828380701956815,0.031828380701956815,1,100699032
3.0,16.570491259652282,92.64170757274957,77.06618918437572,-5.7862671138857,5.7862671138857,-0.06983820845402165,0.06983820845402165,1,100699032
3.0,16.570491259652282,94.48128067956218,73.4427282473383,-9.409728050923121,9.409728050923121,-0.11357210722937343,0.11357210722937343,1,100699032
3.0,16.570491259652282,96.32085378637478,69.34982999110903,-13.502626307152383,13.502626307152383,-0.16297194929917513,0.16297194929917513,1,100699032
3.0,16.570491259652282,98.16042689318739,64.86616331795287,-17.986292980308548,17.986292980308548,-0.21708822868883337,0.21708822868883337,1,100699032
3.0,16.570491259652282,100.0,60.00000238418551,-22.85245391407591,22.85245391407591,-0.27582107924246835,0.27582107924246835,1,100699032
3.0,17.08121470041741,49.68653974270269,99.31540323015939,13.90932972807235,13.90932972807235,0.1628611310380924,0.1628611310380924,1,106469105
3.0,17.08121470041741,51.483449037606164,99.36246450511182,13.956391003024777,13.956391003024777,0.16341216064316233,0.16341216064316233,1,106469105
3.0,17.08121470041741,53.28035833250964,99.37914069407026,13.973067191983219,13.973067191983219,0.1636074182902433,0.1636074182902433,1,106469105
3.0,17.08121470041741,55.07726762741312,99.36797797194659,13.961904469859547,13.961904469859547,0.16347671655363438,0.16347671655363438,1,106469105
3.0,17.08121470041741,56.87417692231659,99.32338606311144,13.917312561024403,13.917312561024403,0.16295460018641778,0.16295460018641778,1,106469105
3.0,17.08121470041741,58.671086217220065,99.24352393496692,13.837450432879876,13.837450432879876,0.1620195129628777,0.1620195129628777,1,106469105
3.0,17.08121470041741,60.467995512123544,99.12547464419885,13.719401142111806,13.719401142111806,0.16063730106707869,0.16063730106707869,1,106469105
3.0,17.08121470041741,62.26490480702702,98.96752545038228,13.561451948295243,13.561451948295243,0.15878791041674392,0.15878791041674392,1,106469105
3.0,17.08121470041741,64.0618141019305,98.7634061308346,13.357332628747557,13.357332628747557,0.15639792442186384,0.15639792442186384,1,106469105
3.0,17.08121470041741,65.85872339683397,98.50826446905772,13.102190966970682,13.102190966970682,0.15341052959951973,0.15341052959951973,1,106469105
3.0,17.08121470041741,67.65563269173745,98.19485522573903,12.788781723651994,12.788781723651994,0.14974089311504854,0.14974089311504854,1,106469105
3.0,17.08121470041741,69.45254198664092,97.81076575140446,12.40469224931742,12.40469224931742,0.14524367812102135,0.14524367812102135,1,106469105
3.0,17.08121470041741,71.2494512815444,97.34267087193592,11.936597369848883,11.936597369848883,0.13976286322959447,0.13976286322959447,1,106469105
3.0,17.08121470041741,73.04636057644787,96.77313063806892,11.36705713598188,11.36705713598188,0.13309424810056522,0.13309424810056522,1,106469105
3.0,17.08121470041741,74.84326987135134,96.08288328259593,10.67680978050889,10.67680978050889,0.1250123011479738,0.1250123011479738,1,106469105
3.0,17.08121470041741,76.64017916625482,95.2578914448373,9.851817942750259,9.851817942750259,0.11535266215592399,0.11535266215592399,1,106469105
3.0,17.08121470041741,78.4370884611583,94.28091650704445,8.874843004957413,8.874843004957413,0.10391348812845894,0.10391348812845894,1,106469105
3.0,17.08121470041741,80.23399775606177,93.11891911667807,7.712845614591032,7.712845614591032,0.09030792891330564,0.09030792891330564,1,106469105
3.0,17.08121470041741,82.03090705096525,91.74028481419607,6.3342113121090335,6.3342113121090335,0.07416581810138183,0.07416581810138183,1,106469105
3.0,17.08121470041741,83.82781634586873,90.1211353810279,4.715061878940858,4.715061878940858,0.055207571143352445,0.055207571143352445,1,106469105
3.0,17.08121470041741,85.6247256407722,88.25646472590122,2.850391223814185,2.850391223814185,0.03337457287208656,0.03337457287208656,1,106469105
3.0,17.08121470041741,86.82022134962857,86.87695491651557,1.4708814144285327,1.4708814144285327,0.01722221095192474,0.01722221095192474,1,106469105
3.0,17.08121470041741,87.99810717129601,85.4061320350506,5.85329635640619e-5,5.85329635640619e-5,6.853489589663849e-7,6.853489589663849e-7,1,106469105
3.0,17.08121470041741,88.01571705848494,85.38324321697516,-0.02283028511187979,0.02283028511187979,-0.00026731453836619586,0.00026731453836619586,1,106469105
3.0,17.08121470041741,88.61713064453204,84.58282091688856,-0.8232525851984747,0.8232525851984747,-0.009639274485301764,0.009639274485301764,1,106469105
3.0,17.08121470041741,89.21854423057914,83.74197399909909,-1.664099502987952,1.664099502987952,-0.019484556949539274,0.019484556949539274,1,106469105
3.0,17.08121470041741,91.01545352548263,80.9345414316175,-4.471532070469536,4.471532070469536,-0.0523561368309511,0.0523561368309511,1,106469105
3.0,17.08121470041741,92.8123628203861,77.58793920765277,-7.818134294434273,7.818134294434273,-0.09154072976137023,0.09154072976137023,1,106469105
3.0,17.08121470041741,94.60927211528957,73.88948809269033,-11.516585409396711,11.516585409396711,-0.13484504013775184,0.13484504013775184,1,106469105
3.0,17.08121470041741,96.40618141019306,69.64992907834836,-15.756144423738675,15.756144423738675,-0.1844850580018018,0.1844850580018018,1,106469105
3.0,17.08121470041741,98.20309070509653,65.01675477324585,-20.38931872884119,20.38931872884119,-0.23873382644552724,0.23873382644552724,1,106469105
3.0,17.08121470041741,100.0,60.00000238418551,-25.406071117901533,25.406071117901533,-0.2974738221314049,0.2974738221314049,1,106469105
3.0,17.59193814118254,50.881737953722755,101.18970199748647,13.230011291573774,13.230011291573774,0.15040993420278645,0.15040993420278645,1,107398720
3.0,17.59193814118254,52.635961598232655,101.21157397302942,13.251883267116725,13.251883267116725,0.1506585932802277,0.1506585932802277,1,107398720
3.0,17.59193814118254,54.39018524274256,101.20528701502951,13.24559630911682,13.24559630911682,0.15058711783562972,0.15058711783562972,1,107398720
3.0,17.59193814118254,56.14440888725246,101.17213156682162,13.212440860908927,13.212440860908927,0.15021017871792927,0.15021017871792927,1,107398720
3.0,17.59193814118254,57.89863253176236,101.10514800004141,13.145457294128718,13.145457294128718,0.1494486529981065,0.1494486529981065,1,107398720
3.0,17.59193814118254,59.652856176272266,100.99994123967892,13.040250533766226,13.040250533766226,0.14825257375410092,0.14825257375410092,1,107398720
3.0,17.59193814118254,61.407079820782165,100.85372059269548,12.89402988678279,12.89402988678279,0.14659021403216516,0.14659021403216516,1,107398720
3.0,17.59193814118254,63.161303465292065,100.66459863300666,12.70490792709397,12.70490792709397,0.14444011597962497,0.14444011597962497,1,107398720
3.0,17.59193814118254,64.91552710980197,100.42524811708351,12.46555741117082,12.46555741117082,0.14171897730801003,0.14171897730801003,1,107398720
3.0,17.59193814118254,66.66975075431188,100.1313205665408,12.171629860628101,12.171629860628101,0.13837736084501623,0.13837736084501623,1,107398720
3.0,17.59193814118254,68.42397439882177,99.77524019082612,11.815549484913433,11.815549484913433,0.13432913860984264,0.13432913860984264,1,107398720
3.0,17.59193814118254,70.17819804333166,99.3433684646934,11.383677758780706,11.383677758780706,0.12941925633687443,0.12941925633687443,1,107398720
3.0,17.59193814118254,71.93242168784157,98.82401336792516,10.86432266201247,10.86432266201247,0.12351478927247028,0.12351478927247028,1,107398720
3.0,17.59193814118254,73.68664533235147,98.20171094717914,10.242020241266445,10.242020241266445,0.11643993014379679,0.11643993014379679,1,107398720
3.0,17.59193814118254,75.44086897686138,97.45858718881279,9.498896482900093,9.498896482900093,0.10799147207848894,0.10799147207848894,1,107398720
3.0,17.59193814118254,77.19509262137129,96.57836826481339,8.6186775589007,8.6186775589007,0.09798440046494329,0.09798440046494329,1,107398720
3.0,17.59193814118254,78.94931626588118,95.5380008478123,7.578310141899607,7.578310141899607,0.08615662562112886,0.08615662562112886,1,107398720
3.0,17.59193814118254,80.70353991039107,94.30253886850514,6.342848162592446,6.342848162592446,0.07211085113747537,0.07211085113747537,1,107398720
3.0,17.59193814118254,82.45776355490098,92.84095961808703,4.881268912174335,4.881268912174335,0.05549438467780121,0.05549438467780121,1,107398720
3.0,17.59193814118254,84.21198719941088,91.13726781136472,3.1775771054520305,3.1775771054520305,0.03612537834035872,0.03612537834035872,1,107398720
3.0,17.59193814118254,85.96621084392079,89.18718077921191,1.2274900732992222,1.2274900732992222,0.01395514312804092,0.01395514312804092,1,107398720
3.0,17.59193814118254,86.47339705588361,88.57616731154293,0.6164766056302398,0.6164766056302398,0.007008626345576723,0.007008626345576723,1,107398720
3.0,17.59193814118254,86.96781239200564,87.9597227498482,3.204393550504392e-5,3.204393550504392e-5,3.6430250320207085e-7,3.6430250320207085e-7,1,107398720
3.0,17.59193814118254,86.98058326784643,87.94352550213387,-0.0161652037788258,0.0161652037788258,-0.00018377967963613095,0.00018377967963613095,1,107398720
3.0,17.59193814118254,88.22762070039352,86.29288630989439,-1.666804396018307,1.666804396018307,-0.018949639120391583,0.018949639120391583,1,107398720
3.0,17.59193814118254,89.47465813294059,84.47593198144654,-3.4837587244661563,3.4837587244661563,-0.039606309395901235,0.039606309395901235,1,107398720
3.0,17.59193814118254,91.22888177745048,81.54250228491753,-6.41718842099516,6.41718842099516,-0.07295601393654962,0.07295601393654962,1,107398720
3.0,17.59193814118254,92.98310542196039,78.06272682133589,-9.896963884576806,9.896963884576806,-0.11251703826093067,0.11251703826093067,1,107398720
3.0,17.59193814118254,94.7373290664703,74.30440313840252,-13.655287567510172,13.655287567510172,-0.15524483383150706,0.15524483383150706,1,107398720
3.0,17.59193814118254,96.4915527109802,69.9271716471432,-18.032519058769495,18.032519058769495,-0.205008895711787,0.205008895711787,1,107398720
3.0,17.59193814118254,98.24577635549011,65.15518844361573,-22.804502262296964,22.804502262296964,-0.25926082821894275,0.25926082821894275,1,107398720
3.0,17.59193814118254,100.0,60.00000238418551,-27.959688321727185,27.959688321727185,-0.3178693342068303,0.3178693342068303,1,107398720
3.0,18.102661581947668,52.076359546841076,103.03970067474494,12.526392765006591,12.526392765006591,0.1383928292345492,0.1383928292345492,1,104751490
3.0,18.102661581947668,53.78791813445389,103.03753673566528,12.52422882592694,12.52422882592694,0.13836892182104701,0.13836892182104701,1,104751490
3.0,18.102661581947668,55.49947672206671,103.00849886463504,12.4951909548967,12.4951909548967,0.13804810854285815,0.13804810854285815,1,104751490
3.0,18.102661581947668,57.21103530967953,102.95274073550203,12.439432825763689,12.439432825763689,0.1374320872038898,0.1374320872038898,1,104751490
3.0,18.102661581947668,58.92259389729235,102.86237875566111,12.349070845922768,12.349070845922768,0.13643375909139796,0.13643375909139796,1,104751490
3.0,18.102661581947668,60.63415248490517,102.7301179720621,12.21681006232376,12.21681006232376,0.1349725288408043,0.1349725288408043,1,104751490
3.0,18.102661581947668,62.345711072517986,102.55364347752207,12.040335567783728,12.040335567783728,0.13302282112803332,0.13302282112803332,1,104751490
3.0,18.102661581947668,64.0572696601308,102.33072298619632,11.817415076457976,11.817415076457976,0.13055997343774614,0.13055997343774614,1,104751490
3.0,18.102661581947668,65.76882824774363,102.05293820998091,11.539630300242564,11.539630300242564,0.12749097968831402,0.12749097968831402,1,104751490
3.0,18.102661581947668,67.48038683535646,101.71705535931387,11.20374744957553,11.20374744957553,0.12378011265203265,0.12378011265203265,1,104751490
3.0,18.102661581947668,69.19194542296927,101.3141460379123,10.80083812817395,10.80083812817395,0.11932873052153567,0.11932873052153567,1,104751490
3.0,18.102661581947668,70.90350401058208,100.83018537309884,10.316877463360498,10.316877463360498,0.11398188511294595,0.11398188511294595,1,104751490
3.0,18.102661581947668,72.6150625981949,100.25563303123936,9.742325121501011,9.742325121501011,0.10763417387436829,0.10763417387436829,1,104751490
3.0,18.102661581947668,74.32662118580771,99.57670589003672,9.063397980298376,9.063397980298376,0.1001333195040952,0.1001333195040952,1,104751490
3.0,18.102661581947668,76.03817977342054,98.77672189202718,8.263413982288839,8.263413982288839,0.09129501697727452,0.09129501697727452,1,104751490
3.0,18.102661581947668,77.74973836103337,97.83947121673768,7.326163306999334,7.326163306999334,0.08094017859014863,0.08094017859014863,1,104751490
3.0,18.102661581947668,79.46129694864618,96.73438303227006,6.221075122531715,6.221075122531715,0.06873105476087002,0.06873105476087002,1,104751490
3.0,18.102661581947668,81.172855536259,95.42558550209242,4.912277592354073,4.912277592354073,0.0542713298828134,0.0542713298828134,1,104751490
3.0,18.102661581947668,82.8844141238718,93.88285500829251,3.3695470985541647,3.3695470985541647,0.037227090428673136,0.037227090428673136,1,104751490
3.0,18.102661581947668,84.41341604696319,92.29852361295012,1.785215703211776,1.785215703211776,0.01972324008964547,0.01972324008964547,1,104751490
3.0,18.102661581947668,85.94241797005459,90.51731225349458,0.0040043437562360396,0.0040043437562360396,4.4240386841559806e-5,4.4240386841559806e-5,1,104751490
3.0,18.102661581947668,85.9457726584332,90.51318237122709,-0.00012553851125574056,0.00012553851125574056,-1.3869619192454003e-6,1.3869619192454003e-6,1,104751490
3.0,18.102661581947668,86.12497463457602,90.29113482791098,-0.22217308182736417,0.22217308182736417,-0.0024545902360448425,0.0024545902360448425,1,104751490
3.0,18.102661581947668,86.30753129909745,90.06202111864495,-0.45128679109339487,0.45128679109339487,-0.004985861212181384,0.004985861212181384,1,104751490
3.0,18.102661581947668,88.01908988671028,87.76771838594438,-2.745589523793967,2.745589523793967,-0.030333545278578518,0.030333545278578518,1,104751490
3.0,18.102661581947668,89.73064847432309,85.15435175902857,-5.358956150709773,5.358956150709773,-0.05920627888281168,0.05920627888281168,1,104751490
3.0,18.102661581947668,91.4422070619359,82.09716074758285,-8.416147162155497,8.416147162155497,-0.09298242829163027,0.09298242829163027,1,104751490
3.0,18.102661581947668,93.15376564954873,78.48988519328391,-12.023422716454434,12.023422716454434,-0.13283596626967195,0.13283596626967195,1,104751490
3.0,18.102661581947668,94.86532423716154,74.68742603014901,-15.825881879589332,15.825881879589332,-0.17484591211019726,0.17484591211019726,1,104751490
3.0,18.102661581947668,96.57688282477436,70.18163101230196,-20.33167689743638,20.33167689743638,-0.22462638220792383,0.22462638220792383,1,104751490
3.0,18.102661581947668,98.28844141238719,65.28154941153359,-25.231758498204755,25.231758498204755,-0.27876296956649027,0.27876296956649027,1,104751490
3.0,18.102661581947668,100.0,60.00000238418551,-30.513305525552838,30.513305525552838,-0.33711402477944247,0.33711402477944247,1,104751490
3.0,18.613385022712798,53.27017546898597,104.86761599832863,11.800690884764634,11.800690884764634,0.12679790237364089,0.12679790237364089,1,107321920
3.0,18.613385022712798,54.93909777366504,104.84243961184485,11.775514498280856,11.775514498280856,0.12652738321279983,0.12652738321279983,1,107321920
3.0,18.613385022712798,56.60802007834411,104.78983638592885,11.722911272364854,11.722911272364854,0.125962163873579,0.125962163873579,1,107321920
3.0,18.613385022712798,58.27694238302318,104.71028499244534,11.643359878881341,11.643359878881341,0.125107387664024,0.125107387664024,1,107321920
3.0,18.613385022712798,59.94586468770226,104.59513680064344,11.528211687079448,11.528211687079448,0.1238701254286876,0.1238701254286876,1,107321920
3.0,18.613385022712798,61.61478699238133,104.43382887716493,11.36690376360093,11.36690376360093,0.1221368789151525,0.1221368789151525,1,107321920
3.0,18.613385022712798,63.283709297060405,104.22487012198292,11.15794500841892,11.15794500841892,0.11989162631948512,0.11989162631948512,1,107321920
3.0,18.613385022712798,64.95263160173948,103.96501445944148,10.89808934587748,10.89808934587748,0.11709948870212693,0.11709948870212693,1,107321920
3.0,18.613385022712798,66.62155390641855,103.64537353658304,10.57844842301904,10.57844842301904,0.11366496110310717,0.11366496110310717,1,107321920
3.0,18.613385022712798,68.29047621109763,103.26401730129943,10.197092187735436,10.197092187735436,0.10956730519776531,0.10956730519776531,1,107321920
3.0,18.613385022712798,69.9593985157767,102.80995140300654,9.74302628944254,9.74302628944254,0.10468838717464564,0.10468838717464564,1,107321920
3.0,18.613385022712798,71.62832082045577,102.26948303305278,9.202557919488783,9.202557919488783,0.0988810784095365,0.0988810784095365,1,107321920
3.0,18.613385022712798,73.29724312513484,101.63599373010346,8.569068616539468,8.569068616539468,0.09207426382770406,0.09207426382770406,1,107321920
3.0,18.613385022712798,74.96616542981391,100.89690371215454,7.829978598590543,7.829978598590543,0.08413277422710688,0.08413277422710688,1,107321920
3.0,18.613385022712798,76.63508773449298,100.03585180837857,6.96892669481457,6.96892669481457,0.07488080954980307,0.07488080954980307,1,107321920
3.0,18.613385022712798,78.30401003917206,99.03654212288828,5.969617009324281,5.969617009324281,0.06414327111419997,0.06414327111419997,1,107321920
3.0,18.613385022712798,79.97293234385113,97.86564159230743,4.7987164787434295,4.7987164787434295,0.05156199662649048,0.05156199662649048,1,107321920
3.0,18.613385022712798,81.6418546485302,96.48386898532847,3.416943871764474,3.416943871764474,0.03671491099114945,0.03671491099114945,1,107321920
3.0,18.613385022712798,83.31077695320927,94.86269042345087,1.7957653098868747,1.7957653098868747,0.01929541894390096,0.01929541894390096,1,107321920
3.0,18.613385022712798,84.11335302606713,93.99601834992578,0.9290932363617799,0.9290932363617799,0.00998306579086032,0.00998306579086032,1,107321920
3.0,18.613385022712798,84.91592909892498,93.0725259309753,0.005600817411306025,0.005600817411306025,6.018053572170439e-5,6.018053572170439e-5,1,107321920
3.0,18.613385022712798,84.92060212810836,93.06698089616067,5.578259667515795e-5,5.578259667515795e-5,5.99381537609519e-7,5.99381537609519e-7,1,107321920
3.0,18.613385022712798,85.78227533074619,92.01080657473773,-1.0561185388262686,1.0561185388262686,-0.011347947055708034,0.011347947055708034,1,107321920
3.0,18.613385022712798,86.64862156256741,90.88013743713104,-2.1867876764329566,2.1867876764329566,-0.023496937002748835,0.023496937002748835,1,107321920
3.0,18.613385022712798,88.31754386724648,88.49821975149533,-4.56870536206867,4.56870536206867,-0.049090537336371136,0.049090537336371136,1,107321920
3.0,18.613385022712798,89.98646617192557,85.7771780927225,-7.289747020841503,7.289747020841503,-0.07832800978377938,0.07832800978377938,1,107321920
3.0,18.613385022712798,91.65538847660464,82.5991600713002,-10.467765042263792,10.467765042263792,-0.11247567306527648,0.11247567306527648,1,107321920
3.0,18.613385022712798,93.32431078128371,78.86927452459169,-14.197650588972309,14.197650588972309,-0.15255312853248096,0.15255312853248096,1,107321920
3.0,18.613385022712798,94.99323308596279,75.03830717475407,-18.02861793880993,18.02861793880993,-0.19371670350998152,0.19371670350998152,1,107321920
3.0,18.613385022712798,96.66215539064186,70.41323100768466,-22.65369410587934,22.65369410587934,-0.24341294265644203,0.24341294265644203,1,107321920
3.0,18.613385022712798,98.33107769532093,65.39584062765752,-27.671084485906476,27.671084485906476,-0.29732458069438855,0.29732458069438855,1,107321920
3.0,18.613385022712798,100.0,60.00000238418551,-33.06692272937849,33.06692272937849,-0.35530262431071946,0.35530262431071946,1,107321920
3.0,19.124108463477928,54.4657479729395,106.67605406575946,11.055511748369824,11.055511748369824,0.11561858446351082,0.11561858446351082,1,109555677
3.0,19.124108463477928,56.09197125962024,106.62767092363423,11.007128606244592,11.007128606244592,0.11511259337673539,0.11511259337673539,1,109555677
3.0,19.124108463477928,57.718194546300964,106.54986848698239,10.929326169592755,10.929326169592755,0.11429893519444241,0.11429893519444241,1,109555677
3.0,19.124108463477928,59.3444178329817,106.44465266138577,10.82411034399614,10.82411034399614,0.11319858768493574,0.11319858768493574,1,109555677
3.0,19.124108463477928,60.97064111966243,106.3029309700209,10.68238865263126,10.68238865263126,0.11171646169056032,0.11171646169056032,1,109555677
3.0,19.124108463477928,62.596864406343165,106.11008491130086,10.489542593911224,10.489542593911224,0.10969967686539242,0.10969967686539242,1,109555677
3.0,19.124108463477928,64.2230876930239,105.8661813510581,10.245639033668468,10.245639033668468,0.10714893249256532,0.10714893249256532,1,109555677
3.0,19.124108463477928,65.84931097970463,105.56591000011001,9.945367682720374,9.945367682720374,0.10400869354734564,0.10400869354734564,1,109555677
3.0,19.124108463477928,67.47553426638535,105.20055237051633,9.5800100531267,9.5800100531267,0.10018778204926025,0.10018778204926025,1,109555677
3.0,19.124108463477928,69.10175755306608,104.76996327843422,9.149420961044584,9.149420961044584,0.0956846796651211,0.0956846796651211,1,109555677
3.0,19.124108463477928,70.72798083974682,104.26061890960648,8.640076592216843,8.640076592216843,0.09035795429331665,0.09035795429331665,1,109555677
3.0,19.124108463477928,72.35420412642756,103.65908529593929,8.038542978549657,8.038542978549657,0.084067113443758,0.084067113443758,1,109555677
3.0,19.124108463477928,73.98042741310829,102.9630421699079,7.342499852518259,7.342499852518259,0.0767878917497307,0.0767878917497307,1,109555677
3.0,19.124108463477928,75.60665069978901,102.16074475173006,6.540202434340429,6.540202434340429,0.06839746225901736,0.06839746225901736,1,109555677
3.0,19.124108463477928,77.23287398646976,101.23451684934443,5.613974531954796,5.613974531954796,0.05871096728693028,0.05871096728693028,1,109555677
3.0,19.124108463477928,78.8590972731505,100.16648027744431,4.5459379600546725,4.5459379600546725,0.04754143670264401,0.04754143670264401,1,109555677
3.0,19.124108463477928,80.48532055983122,98.92632321766686,3.3057809002772274,3.3057809002772274,0.034571869392922644,0.034571869392922644,1,109555677
3.0,19.124108463477928,82.11154384651195,97.47225295763488,1.8517106402452441,1.8517106402452441,0.019365197010689724,0.019365197010689724,1,109555677
3.0,19.124108463477928,83.73776713319268,95.77608272413413,0.15554040674449254,0.15554040674449254,0.0016266421730616542,0.0016266421730616542,1,109555677
3.0,19.124108463477928,83.806735952469,95.69874156371827,0.07819924632863717,0.07819924632863717,0.00081780801942195,0.00081780801942195,1,109555677
3.0,19.124108463477928,83.87570477174532,95.62095984204245,0.00041752465281774676,0.00041752465281774676,4.366474427972528e-6,4.366474427972528e-6,1,109555677
3.0,19.124108463477928,83.87616011881907,95.62044484574953,-9.74716401032083e-5,9.74716401032083e-5,-1.0193587877767352e-6,1.0193587877767352e-6,1,109555677
3.0,19.124108463477928,85.43295923914974,93.74647127304587,-1.874071044343765,1.874071044343765,-0.019599042202911088,0.019599042202911088,1,109555677
3.0,19.124108463477928,86.99021370655414,91.63937162616226,-3.9811706912273763,3.9811706912273763,-0.041635098429088885,0.041635098429088885,1,109555677
3.0,19.124108463477928,88.61643699323488,89.17097185310766,-6.449570464281976,6.449570464281976,-0.06744963276692326,0.06744963276692326,1,109555677
3.0,19.124108463477928,90.24266027991561,86.34352039543424,-9.277021921955395,9.277021921955395,-0.09701913100599795,0.09701913100599795,1,109555677
3.0,19.124108463477928,91.86888356659634,83.04853614810321,-12.572006169286425,12.572006169286425,-0.13147808896080762,0.13147808896080762,1,109555677
3.0,19.124108463477928,93.49510685327706,79.20153939940475,-16.419002917984884,16.419002917984884,-0.17170999578193052,0.17170999578193052,1,109555677
3.0,19.124108463477928,95.12133013995779,75.355978649403,-20.264563667986636,20.264563667986636,-0.2119268849231501,0.2119268849231501,1,109555677
3.0,19.124108463477928,96.74755342663853,70.62130132895383,-24.9992409884358,24.9992409884358,-0.26144215858404957,0.26144215858404957,1,109555677
3.0,19.124108463477928,98.37377671331927,65.49774431035472,-30.122798007034916,30.122798007034916,-0.31502433762663107,0.31502433762663107,1,109555677
3.0,19.124108463477928,100.0,60.00000238418551,-35.62053993320413,35.62053993320413,-0.37251974387438863,0.37251974387438863,1,109555677
3.0,19.634831904243057,55.6597432218023,108.46678603203225,10.292626510816959,10.292626510816959,0.10484048512371259,0.10484048512371259,1,106480166
3.0,19.634831904243057,57.24332382102365,108.39470035343102,10.220540832215733,10.220540832215733,0.1041062218618443,0.1041062218618443,1,106480166
3.0,19.634831904243057,58.82690442024499,108.28890184188347,10.114742320668185,10.114742320668185,0.10302856036656372,0.10302856036656372,1,106480166
3.0,19.634831904243057,60.410485019466336,108.1563575411543,9.98219801993902,9.98219801993902,0.1016784668045147,0.1016784668045147,1,106480166
3.0,19.634831904243057,61.994065618687685,107.98556418999576,9.811404668780469,9.811404668780469,0.09993876918966889,0.09993876918966889,1,106480166
3.0,19.634831904243057,63.577646217909034,107.75831091149011,9.584151390274826,9.584151390274826,0.09762397189867163,0.09762397189867163,1,106480166
3.0,19.634831904243057,65.16122681713038,107.4771799235317,9.303020402316406,9.303020402316406,0.09476037735068195,0.09476037735068195,1,106480166
3.0,19.634831904243057,66.74480741635173,107.13279412601015,8.958634604794867,8.958634604794867,0.09125247059394401,0.09125247059394401,1,106480166
3.0,19.634831904243057,68.32838801557307,106.71783095667058,8.543671435455295,8.543671435455295,0.08702566415767501,0.08702566415767501,1,106480166
3.0,19.634831904243057,69.91196861479442,106.23445935834633,8.06029983713104,8.06029983713104,0.08210205084963546,0.08210205084963546,1,106480166
3.0,19.634831904243057,71.49554921401577,105.66607953754553,7.491920016330241,7.491920016330241,0.07631254550960784,0.07631254550960784,1,106480166
3.0,19.634831904243057,73.0791298132371,104.99958556397803,6.825426042762743,6.825426042762743,0.06952365139716606,0.06952365139716606,1,106480166
3.0,19.634831904243057,74.66271041245845,104.2374277091086,6.063268187893314,6.063268187893314,0.06176032692781089,0.06176032692781089,1,106480166
3.0,19.634831904243057,76.2462910116798,103.36913331640892,5.194973795193633,5.194973795193633,0.052915897834307474,0.052915897834307474,1,106480166
3.0,19.634831904243057,77.82987161090115,102.3735920692586,4.199432548043319,4.199432548043319,0.04277533485922869,0.04277533485922869,1,106480166
3.0,19.634831904243057,79.4134522101225,101.2308267176709,3.0566671964556065,3.0566671964556065,0.031135150138922915,0.031135150138922915,1,106480166
3.0,19.634831904243057,80.99703280934385,99.91514884172445,1.7409893205091578,1.7409893205091578,0.01773368194848597,0.01773368194848597,1,106480166
3.0,19.634831904243057,81.88733072520525,99.08547974337071,0.9113202221554246,0.9113202221554246,0.009282689320691253,0.009282689320691253,1,106480166
3.0,19.634831904243057,82.77762864106664,98.18182422627105,0.0076647050557596685,0.0076647050557596685,7.807253042083174e-5,7.807253042083174e-5,1,106480166
3.0,19.634831904243057,82.78472315309628,98.17431543708351,0.00015591586821983583,0.00015591586821983583,1.5881558750308695e-6,1.5881558750308695e-6,1,106480166
3.0,19.634831904243057,83.4709113244266,97.42490270688478,-0.7492568143305078,0.7492568143305078,-0.00763191473178433,0.00763191473178433,1,106480166
3.0,19.634831904243057,84.16419400778653,96.62109975713764,-1.553059764077645,1.553059764077645,-0.0158194352938874,0.0158194352938874,1,106480166
3.0,19.634831904243057,85.74777460700788,94.60729739196226,-3.5668621292530247,3.5668621292530247,-0.03633198538849962,0.03633198538849962,1,106480166
3.0,19.634831904243057,87.33135520622923,92.33826497191586,-5.835894549299425,5.835894549299425,-0.05944430365139309,0.05944430365139309,1,106480166
3.0,19.634831904243057,88.91493580545057,89.78610488089835,-8.388054640316938,8.388054640316938,-0.08544055463499325,0.08544055463499325,1,106480166
3.0,19.634831904243057,90.49851640467192,86.85500742792621,-11.319152093289077,11.319152093289077,-0.11529665391067621,0.11529665391067621,1,106480166
3.0,19.634831904243057,92.08209700389327,83.447744403592,-14.72641511762329,14.72641511762329,-0.15000296604974686,0.15000296604974686,1,106480166
3.0,19.634831904243057,93.66567760311462,80.08079977466727,-18.093359746548018,18.093359746548018,-0.1842985958299757,0.1842985958299757,1,106480166
3.0,19.634831904243057,95.24925820233597,75.64107235786413,-22.533087163351155,22.533087163351155,-0.22952156935432474,0.22952156935432474,1,106480166
3.0,19.634831904243057,96.8328388015573,70.80640542792365,-27.367754093291637,27.367754093291637,-0.2787673887585206,0.2787673887585206,1,106480166
3.0,19.634831904243057,98.41641940077865,65.5876081333294,-32.58655138788589,32.58655138788589,-0.3319259522750891,0.3319259522750891,1,106480166
3.0,19.634831904243057,100.0,60.00000238418551,-38.17415713702978,38.17415713702978,-0.38884119123811195,0.38884119123811195,1,106480166
3.0,20.145555345008184,56.8545492272349,110.24252037266083,9.514743647619923,9.514743647619923,0.09445997873647656,0.09445997873647656,1,103910703
3.0,20.145555345008184,58.39545818340508,110.14437378865705,9.416597063616138,9.416597063616138,0.09348560416776451,0.09348560416776451,1,103910703
3.0,20.145555345008184,59.93636713957526,110.00757640360293,9.279799678562014,9.279799678562014,0.0921275141800589,0.0921275141800589,1,103910703
3.0,20.145555345008184,61.477276095745445,109.84630161320987,9.118524888168963,9.118524888168963,0.09052641867654862,0.09052641867654862,1,103910703
3.0,20.145555345008184,63.01818505191563,109.64247277066093,8.914696045620019,8.914696045620019,0.08850285726006525,0.08850285726006525,1,103910703
3.0,20.145555345008184,64.55909400808581,109.37878850235471,8.651011777313798,8.651011777313798,0.08588506625067957,0.08588506625067957,1,103910703
3.0,20.145555345008184,66.10000296425599,109.05781099338002,8.330034268339105,8.330034268339105,0.08269848237669143,0.08269848237669143,1,103910703
3.0,20.145555345008184,67.64091192042618,108.66500989605996,7.937233171019045,7.937233171019045,0.07879885200569359,0.07879885200569359,1,103910703
3.0,20.145555345008184,69.18182087659636,108.19737133093957,7.4695946058986635,7.4695946058986635,0.07415625410147392,0.07415625410147392,1,103910703
3.0,20.145555345008184,70.72272983276653,107.65785522622626,6.930078501185349,6.930078501185349,0.0688000740858458,0.0688000740858458,1,103910703
3.0,20.145555345008184,72.26363878893672,107.02669879407593,6.298922069035015,6.298922069035015,0.06253411197816207,0.06253411197816207,1,103910703
3.0,20.145555345008184,73.8045477451069,106.29205569779748,5.5642789727565685,5.5642789727565685,0.05524076033114002,0.05524076033114002,1,103910703
3.0,20.145555345008184,75.34545670127709,105.46046703108549,4.732690306044574,4.732690306044574,0.046984957475667465,0.046984957475667465,1,103910703
3.0,20.145555345008184,76.88636565744727,104.5229185058965,3.7951417808555874,3.7951417808555874,0.037677211830211235,0.037677211830211235,1,103910703
3.0,20.145555345008184,78.42727461361744,103.45344374319428,2.7256670181533735,2.7256670181533735,0.027059735723083553,0.027059735723083553,1,103910703
3.0,20.145555345008184,79.96818356978763,102.23034730078383,1.5025705757429222,1.5025705757429222,0.014917142267961757,0.014917142267961757,1,103910703
3.0,20.145555345008184,81.50909252595781,100.83320400976687,0.10542728472596252,0.10542728472596252,0.0010466555319070525,0.0010466555319070525,1,103910703
3.0,20.145555345008184,81.56296324177268,100.78083251888195,0.053055793841039645,0.053055793841039645,0.0005267245596601159,0.0005267245596601159,1,103910703
3.0,20.145555345008184,81.61683395758755,100.72820583330812,0.00042910826721254125,0.00042910826721254125,4.260078810077271e-6,4.260078810077271e-6,1,103910703
3.0,20.145555345008184,81.61726541640986,100.72778330310418,6.578063263873446e-6,6.578063263873446e-6,6.530535546148058e-8,6.530535546148058e-8,1,103910703
3.0,20.145555345008184,83.10387219794286,99.16946548757974,-1.5583112374611687,1.5583112374611687,-0.015470521519748513,0.015470521519748513,1,103910703
3.0,20.145555345008184,84.59091043829818,97.39367408940136,-3.334102635639553,3.334102635639553,-0.03310013130480121,0.03310013130480121,1,103910703
3.0,20.145555345008184,86.13181939446835,95.31124038192529,-5.416536343115624,5.416536343115624,-0.05377400871163151,0.05377400871163151,1,103910703
3.0,20.145555345008184,87.67272835063854,92.97227589981817,-7.7555008252227395,7.7555008252227395,-0.07699465904417925,0.07699465904417925,1,103910703
3.0,20.145555345008184,89.21363730680872,90.33878189067964,-10.38899483436127,10.38899483436127,-0.10313932434665331,0.10313932434665331,1,103910703
3.0,20.145555345008184,90.7545462629789,87.31029753781101,-13.417479187229901,13.417479187229901,-0.13320535430714334,0.13320535430714334,1,103910703
3.0,20.145555345008184,92.29545521914909,83.79724848077026,-16.930528244270647,16.930528244270647,-0.16808202061767258,0.16808202061767258,1,103910703
3.0,20.145555345008184,93.83636417531928,80.42765037176822,-20.300126353272688,20.300126353272688,-0.20153454204282142,0.20153454204282142,1,103910703
3.0,20.145555345008184,95.37727313148946,75.89253983908866,-24.835236885952256,24.835236885952256,-0.24655797728709541,0.24655797728709541,1,103910703
3.0,20.145555345008184,96.91818208765963,70.9678874789277,-29.759889246113218,29.759889246113218,-0.2954486856922249,0.2954486856922249,1,103910703
3.0,20.145555345008184,98.45909104382982,65.66512208824827,-35.062654636792644,35.062654636792644,-0.348093205040195,0.348093205040195,1,103910703
3.0,20.145555345008184,100.0,60.00000238418551,-40.727774340855404,40.727774340855404,-0.40433508675597013,0.40433508675597013,1,103910703
3.0,20.656278785773313,58.04996284820487,112.00609758505038,8.72470365618382,8.72470365618382,0.08447507652920354,0.08447507652920354,1,107996499
3.0,20.656278785773313,59.54817846076898,111.87744385871154,8.59604992984498,8.59604992984498,0.08322941434897146,0.08322941434897146,1,107996499
3.0,20.656278785773313,61.0463940733331,111.70902717146852,8.427633242601956,8.427633242601956,0.08159875580693998,0.08159875580693998,1,107996499
3.0,20.656278785773313,62.544609685897214,111.51592449501729,8.234530566150724,8.234530566150724,0.07972908045588664,0.07972908045588664,1,107996499
3.0,20.656278785773313,64.04282529846132,111.27465871341826,7.993264784551698,7.993264784551698,0.07739307614357852,0.07739307614357852,1,107996499
3.0,20.656278785773313,65.54104091102543,110.97333172206578,7.691937793199216,7.691937793199216,0.07447554201773184,0.07447554201773184,1,107996499
3.0,20.656278785773313,67.03925652358954,110.60957518697239,7.328181258105829,7.328181258105829,0.07095354719121044,0.07095354719121044,1,107996499
3.0,20.656278785773313,68.53747213615365,110.16435971591419,6.882965787047624,6.882965787047624,0.06664284364508247,0.06664284364508247,1,107996499
3.0,20.656278785773313,70.03568774871776,109.64116940121839,6.359775472351828,6.359775472351828,0.061577165357896146,0.061577165357896146,1,107996499
3.0,20.656278785773313,71.53390336128187,109.04280321370163,5.761409284835068,5.761409284835068,0.05578361276575283,0.05578361276575283,1,107996499
3.0,20.656278785773313,73.03211897384598,108.34565359730335,5.06425966843679,5.06425966843679,0.04903361075785557,0.04903361075785557,1,107996499
3.0,20.656278785773313,74.5303345864101,107.53923719845281,4.257843269586246,4.257843269586246,0.04122565650613477,0.04122565650613477,1,107996499
3.0,20.656278785773313,76.02855019897422,106.63510538583247,3.353711456965911,3.353711456965911,0.03247159366648098,0.03247159366648098,1,107996499
3.0,20.656278785773313,77.52676581153833,105.62492060458727,2.3435266757207103,2.3435266757207103,0.02269069564780252,0.02269069564780252,1,107996499
3.0,20.656278785773313,79.02498142410244,104.47602944293892,1.1946355140723597,1.1946355140723597,0.011566802776646741,0.011566802776646741,1,107996499
3.0,20.656278785773313,79.71475180767466,103.8939189775595,0.6125250486929303,0.6125250486929303,0.005930642736239573,0.005930642736239573,1,107996499
3.0,20.656278785773313,80.39948813644813,103.28147833619282,8.440732625558667e-5,8.440732625558667e-5,8.172558777984821e-7,8.172558777984821e-7,1,107996499
3.0,20.656278785773313,80.40452219124688,103.27684482220324,-0.00454910666331898,0.00454910666331898,-4.404575200110202e-5,4.404575200110202e-5,1,107996499
3.0,20.656278785773313,81.21296742023877,102.5069388751505,-0.7744550537160677,0.7744550537160677,-0.007498495365481429,0.007498495365481429,1,107996499
3.0,20.656278785773313,82.02141264923065,101.68296052432646,-1.5984334045401027,1.5984334045401027,-0.015476489459863397,0.015476489459863397,1,107996499
3.0,20.656278785773313,83.51962826179476,99.99857018419463,-3.28282374467193,3.28282374467193,-0.031785238558388586,0.031785238558388586,1,107996499
3.0,20.656278785773313,85.01784387435889,98.09125679313587,-5.190137135730694,5.190137135730694,-0.05025239240385659,0.05025239240385659,1,107996499
3.0,20.656278785773313,86.516059486923,95.94253389481013,-7.338860034056438,7.338860034056438,-0.07105694215466304,0.07105694215466304,1,107996499
3.0,20.656278785773313,88.01427509948711,93.53679987392917,-9.744594054937394,9.744594054937394,-0.09434994711292172,0.09434994711292172,1,107996499
3.0,20.656278785773313,89.51249071205122,90.82370670620878,-12.457687222657782,12.457687222657782,-0.12061889125196953,0.12061889125196953,1,107996499
3.0,20.656278785773313,91.01070632461533,87.70467626617028,-15.576717662696282,15.576717662696282,-0.15081823618128645,0.15081823618128645,1,107996499
3.0,20.656278785773313,92.50892193717944,84.09688103577396,-19.184512893092602,19.184512893092602,-0.18574994162361552,0.18574994162361552,1,107996499
3.0,20.656278785773313,94.00713754974355,80.73169955009517,-22.54969437877139,22.54969437877139,-0.21833259138913383,0.21833259138913383,1,107996499
3.0,20.656278785773313,95.50535316230767,76.1100822250883,-27.171311703778258,27.171311703778258,-0.26308041235861,0.26308041235861,1,107996499
3.0,20.656278785773313,97.00356877487178,71.1056354647505,-32.17575846411606,32.17575846411606,-0.31153489743057305,0.31153489743057305,1,107996499
3.0,20.656278785773313,98.50178438743589,65.73026932992451,-37.55112459894205,37.55112459894205,-0.36358072998903174,0.36358072998903174,1,107996499
3.0,20.656278785773313,100.0,60.00000238418551,-43.28139154468106,43.28139154468106,-0.41906281371928844,0.41906281371928844,1,107996499
3.0,21.167002226538443,59.243843878071566,113.75929842693391,7.924287294241694,7.924287294241694,0.07487396854247505,0.07487396854247505,1,104384111
3.0,21.167002226538443,60.69942088242615,113.59749983500525,7.762488702313036,7.762488702313036,0.07334518718555905,0.07334518718555905,1,104384111
3.0,21.167002226538443,62.15499788678074,113.39661650771136,7.561605375019141,7.561605375019141,0.0714471070970897,0.0714471070970897,1,104384111
3.0,21.167002226538443,63.61057489113533,113.1671037493159,7.332092616623683,7.332092616623683,0.06927851698745478,0.06927851698745478,1,104384111
3.0,21.167002226538443,65.06615189548991,112.88493677339453,7.0499256407023125,7.0499256407023125,0.06661241459939342,0.06661241459939342,1,104384111
3.0,21.167002226538443,66.5217288998445,112.54442938217585,6.709418249483633,6.709418249483633,0.06339507293169366,0.06339507293169366,1,104384111
3.0,21.167002226538443,67.97730590419908,112.13496982670343,6.29995869401121,6.29995869401121,0.05952622507983245,0.05952622507983245,1,104384111
3.0,21.167002226538443,69.43288290855367,111.63374593567485,5.798734802982636,5.798734802982636,0.05479032638558885,0.05479032638558885,1,104384111
3.0,21.167002226538443,70.88845991290826,111.05202962187705,5.217018489184838,5.217018489184838,0.04929388142307581,0.04929388142307581,1,104384111
3.0,21.167002226538443,72.34403691726286,110.39298840169572,4.557977269003501,4.557977269003501,0.04306681900650882,0.04306681900650882,1,104384111
3.0,21.167002226538443,73.79961392161744,109.626637930604,3.791626797911789,3.791626797911789,0.03582582698609991,0.03582582698609991,1,104384111
3.0,21.167002226538443,75.25519092597202,108.74447132259198,2.909460189899761,2.909460189899761,0.027490526610820517,0.027490526610820517,1,104384111
3.0,21.167002226538443,76.71076793032661,107.76476452909134,1.9297533963991214,1.9297533963991214,0.01823360129834223,0.01823360129834223,1,104384111
3.0,21.167002226538443,77.94432355399319,106.85179761172323,1.016786479031012,1.016786479031012,0.009607278991601378,0.009607278991601378,1,104384111
3.0,21.167002226538443,79.17787917765976,105.83743979948203,0.002428666789811018,0.002428666789811018,2.294766886513614e-5,2.294766886513614e-5,1,104384111
3.0,21.167002226538443,79.18073213711789,105.83496081676343,-5.03159287887911e-5,5.03159287887911e-5,-4.7541856187558534e-7,4.7541856187558534e-7,1,104384111
3.0,21.167002226538443,79.39990055834778,105.64261641024822,-0.1923947224439928,0.1923947224439928,-0.001817874070072852,0.001817874070072852,1,104384111
3.0,21.167002226538443,79.62192193903579,105.44390828818507,-0.39110284450714516,0.39110284450714516,-0.003695401364079739,0.003695401364079739,1,104384111
3.0,21.167002226538443,81.07749894339037,104.04356248890478,-1.791448643787433,1.791448643787433,-0.01692680545515678,0.01692680545515678,1,104384111
3.0,21.167002226538443,82.53307594774496,102.4674413108562,-3.367569821836014,3.367569821836014,-0.03181905293715964,0.03181905293715964,1,104384111
3.0,21.167002226538443,83.98865295209956,100.69899726878856,-5.136013863903656,5.136013863903656,-0.048528495522755725,0.048528495522755725,1,104384111
3.0,21.167002226538443,85.44422995645414,98.71617291079315,-7.118838221899068,7.118838221899068,-0.06726354677634719,0.06726354677634719,1,104384111
3.0,21.167002226538443,86.89980696080872,96.4985209340741,-9.336490198618122,9.336490198618122,-0.08821740649615806,0.08821740649615806,1,104384111
3.0,21.167002226538443,88.3553839651633,94.02689666779325,-11.808114464898964,11.808114464898964,-0.11157096634207715,0.11157096634207715,1,104384111
3.0,21.167002226538443,89.81096096951788,91.23578950135285,-14.599221631339361,14.599221631339361,-0.1379432143965608,0.1379432143965608,1,104384111
3.0,21.167002226538443,91.26653797387247,88.03256362455625,-17.80244750813597,17.80244750813597,-0.1682094357775036,0.1682094357775036,1,104384111
3.0,21.167002226538443,92.72211497822707,84.34122627729836,-21.493784855393855,21.493784855393855,-0.2030876609295737,0.2030876609295737,1,104384111
3.0,21.167002226538443,94.17769198258165,80.99324258959659,-24.841768543095625,24.841768543095625,-0.23472165096623734,0.23472165096623734,1,104384111
3.0,21.167002226538443,95.63326898693623,76.29411158719202,-29.540899545500196,29.540899545500196,-0.2791221848926992,0.2791221848926992,1,104384111
3.0,21.167002226538443,97.08884599129082,71.22004624910309,-34.614964883589124,34.614964883589124,-0.32706534929344033,0.32706534929344033,1,104384111
3.0,21.167002226538443,98.54442299564542,65.78330413919025,-40.051706993501966,40.051706993501966,-0.37843532650350026,0.37843532650350026,1,104384111
3.0,21.167002226538443,100.0,60.00000238418551,-45.83500874850671,45.83500874850671,-0.4330798311254523,0.4330798311254523,1,104384111
3.0,21.677725667303573,60.43904518731785,115.50358348230448,7.11495514578661,7.11495514578661,0.06564300383704982,0.06564300383704982,1,107888182
3.0,21.677725667303573,61.85193643062793,115.30778459576061,6.91915625924274,6.91915625924274,0.06383655154081846,0.06383655154081846,1,107888182
3.0,21.677725667303573,63.26482767393801,115.07229789595411,6.68366955943624,6.68366955943624,0.061663937093891646,0.061663937093891646,1,107888182
3.0,21.677725667303573,64.67771891724809,114.8000873849639,6.411459048446034,6.411459048446034,0.059152506557608224,0.059152506557608224,1,107888182
3.0,21.677725667303573,66.09061016055816,114.47384969161472,6.085221355096849,6.085221355096849,0.05614261798944308,0.05614261798944308,1,107888182
3.0,21.677725667303573,67.50350140386823,114.09289481526498,5.704266478747115,5.704266478747115,0.05262790540200292,0.05262790540200292,1,107888182
3.0,21.677725667303573,68.91639264717831,113.6331278073402,5.244499470822333,5.244499470822333,0.04838606735145275,0.04838606735145275,1,107888182
3.0,21.677725667303573,70.3292838904884,113.0723623710637,4.683734034545836,4.683734034545836,0.04321241173016866,0.04321241173016866,1,107888182
3.0,21.677725667303573,71.74217513379847,112.42996756701973,4.041339230501862,4.041339230501862,0.03728563865532626,0.03728563865532626,1,107888182
3.0,21.677725667303573,73.15506637710854,111.70753345750201,3.318905120984141,3.318905120984141,0.030620418137222136,0.030620418137222136,1,107888182
3.0,21.677725667303573,74.56795762041862,110.86840092389761,2.479772587379742,2.479772587379742,0.022878530944046155,0.022878530944046155,1,107888182
3.0,21.677725667303573,75.9808488637287,109.90743562603663,1.5188072895187616,1.5188072895187616,0.01401260734477854,0.01401260734477854,1,107888182
3.0,21.677725667303573,77.39374010703877,108.84846947570382,0.45984113918595426,0.45984113918595426,0.00424252199002159,0.00424252199002159,1,107888182
3.0,21.677725667303573,77.6786383463222,108.62288561654475,0.23425728002688118,0.23425728002688118,0.0021612717461427285,0.0021612717461427285,1,107888182
3.0,21.677725667303573,77.96353658560565,108.39247037621969,0.0038420397018228414,0.0038420397018228414,3.544688922434123e-5,3.544688922434123e-5,1,107888182
3.0,21.677725667303573,77.96828394765679,108.38858762541187,-4.071110599568328e-5,4.071110599568328e-5,-3.756031109581544e-7,3.756031109581544e-7,1,107888182
3.0,21.677725667303573,79.09152958963229,107.42509181700183,-0.9635365195160404,0.9635365195160404,-0.008889645844806853,0.008889645844806853,1,107888182
3.0,21.677725667303573,80.21952259365892,106.35563337644645,-2.03299496007142,2.03299496007142,-0.01875653369982238,0.01875653369982238,1,107888182
3.0,21.677725667303573,81.632413836969,104.85904355372273,-3.5295847827951405,3.5295847827951405,-0.03256416136051393,0.03256416136051393,1,107888182
3.0,21.677725667303573,83.04530508027908,103.18655721377579,-5.202071122742083,5.202071122742083,-0.04799462086180328,0.04799462086180328,1,107888182
3.0,21.677725667303573,84.45819632358916,101.33137816442859,-7.057250172089283,7.057250172089283,-0.06511061428121775,0.06511061428121775,1,107888182
3.0,21.677725667303573,85.87108756689923,99.26964814909691,-9.11898018742096,9.11898018742096,-0.08413225932806301,0.08413225932806301,1,107888182
3.0,21.677725667303573,87.2839788102093,96.97850189643846,-11.41012644007941,11.41012644007941,-0.10527051237011692,0.10527051237011692,1,107888182
3.0,21.677725667303573,88.69687005351939,94.43492079978364,-13.953707536734228,13.953707536734228,-0.12873774445610361,0.12873774445610361,1,107888182
3.0,21.677725667303573,90.10976129682948,91.56663690604748,-16.82199143047039,16.82199143047039,-0.1552007040650296,0.1552007040650296,1,107888182
3.0,21.677725667303573,91.52265254013955,88.28517791924752,-20.103450417270352,20.103450417270352,-0.18547564191747573,0.18547564191747573,1,107888182
3.0,21.677725667303573,92.93554378344962,84.52067435519201,-23.867953981325854,23.867953981325854,-0.22020717807427367,0.22020717807427367,1,107888182
3.0,21.677725667303573,94.34843502675969,81.21044079287644,-27.178187543641428,27.178187543641428,-0.25074759188999407,0.25074759188999407,1,107888182
3.0,21.677725667303573,95.76132627006976,76.44330110198261,-31.945327234535256,31.945327234535256,-0.2947295092189331,0.2947295092189331,1,107888182
3.0,21.677725667303573,97.17421751337984,71.31026671314132,-37.07836162337655,37.07836162337655,-0.34208719302414364,0.34208719302414364,1,107888182
3.0,21.677725667303573,98.58710875668993,65.8238121485395,-42.564816187978366,42.564816187978366,-0.39270555261411677,0.39270555261411677,1,107888182
3.0,21.677725667303573,100.0,60.00000238418551,-48.38862595233236,48.38862595233236,-0.4464363715545744,0.4464363715545744,1,107888182
3.0,22.188449108068703,61.63366142066882,117.24072288843709,6.29847734809357,6.29847734809357,0.056772578537750654,0.056772578537750654,1,106269175
3.0,22.188449108068703,63.00388779850208,117.0104704575665,6.068224917222977,6.068224917222977,0.05469715244781395,0.05469715244781395,1,106269175
3.0,22.188449108068703,64.37411417633534,116.73573894052488,5.793493400181362,5.793493400181362,0.052220805266417564,0.052220805266417564,1,106269175
3.0,22.188449108068703,65.74434055416859,116.41366879651461,5.471423256171093,5.471423256171093,0.04931776195373151,0.04931776195373151,1,106269175
3.0,22.188449108068703,67.11456693200185,116.04050921957028,5.098263679226761,5.098263679226761,0.04595421387403598,0.04595421387403598,1,106269175
3.0,22.188449108068703,68.48479330983511,115.6170289248217,4.674783384478175,4.674783384478175,0.04213708999407459,0.04213708999407459,1,106269175
3.0,22.188449108068703,69.85501968766836,115.10119757382608,4.158952033482564,4.158952033482564,0.03748754149716741,0.03748754149716741,1,106269175
3.0,22.188449108068703,71.22524606550161,114.47709237400325,3.534846833659728,3.534846833659728,0.03186204512486004,0.03186204512486004,1,106269175
3.0,22.188449108068703,72.59547244333487,113.77271767167282,2.8304721313293015,2.8304721313293015,0.025513023623629616,0.025513023623629616,1,106269175
3.0,22.188449108068703,73.96569882116813,112.98355313190743,2.041307591563907,2.041307591563907,0.018399732055374676,0.018399732055374676,1,106269175
3.0,22.188449108068703,75.33592519900138,112.06828512152329,1.1260395811797679,1.1260395811797679,0.01014978176884197,0.01014978176884197,1,106269175
3.0,22.188449108068703,76.07871864409546,111.51700776354463,0.5747622232011054,0.5747622232011054,0.005180733636692943,0.005180733636692943,1,106269175
3.0,22.188449108068703,76.81000207251559,110.94209526412916,-0.00015027621435592664,0.00015027621435592664,-1.354544552654467e-6,1.354544552654467e-6,1,106269175
3.0,22.188449108068703,76.82151208918955,110.93282335116656,-0.00942218917695925,0.00942218917695925,-8.49287765095121e-5,8.49287765095121e-5,1,106269175
3.0,22.188449108068703,77.44894502192872,110.41783841406946,-0.5244071262740562,0.5244071262740562,-0.004726847953364695,0.004726847953364695,1,106269175
3.0,22.188449108068703,78.0763779546679,109.8832646507264,-1.0589808896171178,1.0589808896171178,-0.009545334912407423,0.009545334912407423,1,106269175
3.0,22.188449108068703,79.44660433250115,108.62692522234956,-2.315320317993965,2.315320317993965,-0.02086960027460425,0.02086960027460425,1,106269175
3.0,22.188449108068703,80.81683071033441,107.21103223754534,-3.7312133027981815,3.7312133027981815,-0.033632033357764934,0.033632033357764934,1,106269175
3.0,22.188449108068703,82.18705708816768,105.61333124088831,-5.328914299455207,5.328914299455207,-0.04803322912296179,0.04803322912296179,1,106269175
3.0,22.188449108068703,83.55728346600092,103.84151008950603,-7.10073545083749,7.10073545083749,-0.06400389154062461,0.06400389154062461,1,106269175
3.0,22.188449108068703,84.92750984383417,101.89811949564874,-9.044126044694778,9.044126044694778,-0.08152102925847064,0.08152102925847064,1,106269175
3.0,22.188449108068703,86.29773622166744,99.75551990576679,-11.186725634576732,11.186725634576732,-0.1008337768907764,0.1008337768907764,1,106269175
3.0,22.188449108068703,87.6679625995007,97.38765742975872,-13.554588110584803,13.554588110584803,-0.12217697635889074,0.12217697635889074,1,106269175
3.0,22.188449108068703,89.03818897733395,94.76268508888698,-16.17956045145654,16.17956045145654,-0.14583768674100736,0.14583768674100736,1,106269175
3.0,22.188449108068703,90.4084153551672,91.81051842518472,-19.131727115158796,19.131727115158796,-0.17244762824096302,0.17244762824096302,1,106269175
3.0,22.188449108068703,91.77864173300046,88.45535725832082,-22.486888282022704,22.486888282022704,-0.2026900408631577,0.2026900408631577,1,106269175
3.0,22.188449108068703,93.14886811083372,84.62731248227908,-26.31493305806444,26.31493305806444,-0.23719488396775928,0.23719488396775928,1,106269175
3.0,22.188449108068703,94.51909448866698,81.3835263327219,-29.55871920762162,29.55871920762162,-0.2664333957155461,0.2664333957155461,1,106269175
3.0,22.188449108068703,95.88932086650024,76.55800923239906,-34.38423630794446,34.38423630794446,-0.30992915404295496,0.30992915404295496,1,106269175
3.0,22.188449108068703,97.25954724433349,71.37665263139226,-39.56559290895126,39.56559290895126,-0.35663234249719106,0.35663234249719106,1,106269175
3.0,22.188449108068703,98.62977362216674,65.85202443462704,-45.09022110571648,45.09022110571648,-0.4064296777670655,0.4064296777670655,1,106269175
3.0,22.188449108068703,100.0,60.00000238418551,-50.942243156158014,50.942243156158014,-0.4591780426657504,0.4591780426657504,1,106269175
3.0,22.699172548833833,62.82804520252095,118.97087811086979,5.475015366700632,5.475015366700632,0.04823977926879903,0.04823977926879903,1,104468276
3.0,22.699172548833833,64.15561501671662,118.70594520304374,5.210082458874581,5.210082458874581,0.04590548353836139,0.04590548353836139,1,104468276
3.0,22.699172548833833,65.48318483091231,118.38369320528523,4.887830461116067,4.887830461116067,0.04306615539047197,0.04306615539047197,1,104468276
3.0,22.699172548833833,66.81075464510799,118.00448142565764,4.508618681488485,4.508618681488485,0.039724960650339786,0.039724960650339786,1,104468276
3.0,22.699172548833833,68.13832445930367,117.58220759632432,4.086344852155165,4.086344852155165,0.03600435076092763,0.03600435076092763,1,104468276
3.0,22.699172548833833,69.46589427349934,117.11240941536747,3.616546671198307,3.616546671198307,0.031865008853673896,0.031865008853673896,1,104468276
3.0,22.699172548833833,70.79346408769503,116.53436948335599,3.038506739186829,3.038506739186829,0.02677196036683665,0.02677196036683665,1,104468276
3.0,22.699172548833833,72.12103390189071,115.84186252149215,2.3459997773229873,2.3459997773229873,0.02067035502969039,0.02067035502969039,1,104468276
3.0,22.699172548833833,73.4486037160864,115.07399785481483,1.5781351106456754,1.5781351106456754,0.013904780954024264,0.013904780954024264,1,104468276
3.0,22.699172548833833,74.59961825513943,114.337989425566,0.8421266813968344,0.8421266813968344,0.007419888805066585,0.007419888805066585,1,104468276
3.0,22.699172548833833,75.75063279419248,113.50069813073593,0.004835386566767852,0.004835386566767852,4.260407780385166e-5,4.260407780385166e-5,1,104468276
3.0,22.699172548833833,75.756952089701,113.49579708342846,-6.566074070235572e-5,6.566074070235572e-5,-5.78529816988673e-7,5.78529816988673e-7,1,104468276
3.0,22.699172548833833,75.92718806933512,113.36254010617317,-0.1333226379959882,0.1333226379959882,-0.0011746916122970098,0.0011746916122970098,1,104468276
3.0,22.699172548833833,76.10374334447775,113.22187271077841,-0.2739900333907457,0.2739900333907457,-0.002414097102449859,0.002414097102449859,1,104468276
3.0,22.699172548833833,77.43131315867343,112.09303495042896,-1.402827793740201,1.402827793740201,-0.012360166792179137,0.012360166792179137,1,104468276
3.0,22.699172548833833,78.75888297286912,110.86516009081355,-2.6307026533556126,2.6307026533556126,-0.02317884185157899,0.02317884185157899,1,104468276
3.0,22.699172548833833,80.08645278706479,109.52165365086393,-3.974209093305234,3.974209093305234,-0.03501633449197608,0.03501633449197608,1,104468276
3.0,22.699172548833833,81.41402260126047,108.01044239903591,-5.4854203451332495,5.4854203451332495,-0.04833145642936718,0.04833145642936718,1,104468276
3.0,22.699172548833833,82.74159241545615,106.30836728626936,-7.1874954578998,7.1874954578998,-0.06332825958688135,0.06332825958688135,1,104468276
3.0,22.699172548833833,84.06916222965184,104.43504943081204,-9.060813313357116,9.060813313357116,-0.07983386437425548,0.07983386437425548,1,104468276
3.0,22.699172548833833,85.39673204384752,102.40096769220912,-11.094895051960037,11.094895051960037,-0.09775594267228069,0.09775594267228069,1,104468276
3.0,22.699172548833833,86.72430185804319,100.17759995783275,-13.318262786336405,13.318262786336405,-0.11734579978793658,0.11734579978793658,1,104468276
3.0,22.699172548833833,88.05187167223887,97.73126770798184,-15.764595036187316,15.764595036187316,-0.13890017358361567,0.13890017358361567,1,104468276
3.0,22.699172548833833,89.37944148643456,95.01744584923537,-18.478416894933787,18.478416894933787,-0.16281136993148337,0.16281136993148337,1,104468276
3.0,22.699172548833833,90.70701130063023,91.97211341156029,-21.523749332608872,21.523749332608872,-0.18964347080320912,0.18964347080320912,1,104468276
3.0,22.699172548833833,92.03458111482591,88.53634059078745,-24.959522153381712,24.959522153381712,-0.21991570044842015,0.21991570044842015,1,104468276
3.0,22.699172548833833,93.3621509290216,84.65165473031583,-28.844208013853333,28.844208013853333,-0.2541432552380435,0.2541432552380435,1,104468276
3.0,22.699172548833833,94.68972074321728,81.51175379204355,-31.98410895212561,31.98410895212561,-0.28180858913087375,0.28180858913087375,1,104468276
3.0,22.699172548833833,96.01729055741296,76.63779798413267,-36.858064760036484,36.858064760036484,-0.32475249642463344,0.32475249642463344,1,104468276
3.0,22.699172548833833,97.34486037160863,71.41898716331474,-42.07687558085442,42.07687558085442,-0.37073488463363496,0.37073488463363496,1,104468276
3.0,22.699172548833833,98.67243018580432,65.86786575518376,-47.6279969889854,47.6279969889854,-0.41964522615545546,0.41964522615545546,1,104468276
3.0,22.699172548833833,100.0,60.00000238418551,-53.49586035998365,53.49586035998365,-0.4713463474925829,0.4713463474925829,1,104468276
3.0,23.20989598959896,64.02244591299754,120.69577917230731,4.646299224312514,4.646299224312514,0.04003722572815198,0.04003722572815198,1,106215483
3.0,23.20989598959896,65.30735855896191,120.39398450662478,4.344504558629978,4.344504558629978,0.03743665685168843,0.03743665685168843,1,106215483
3.0,23.20989598959896,66.59227120492629,120.01257887716474,3.963098929169945,3.963098929169945,0.03415007918127618,0.03415007918127618,1,106215483
3.0,23.20989598959896,67.87718385089066,119.5694887079019,3.5200087599070997,3.5200087599070997,0.03033196496429385,0.03033196496429385,1,106215483
3.0,23.20989598959896,69.16209649685503,119.10015579574502,3.0506758477502274,3.0506758477502274,0.026287716662903835,0.026287716662903835,1,106215483
3.0,23.20989598959896,70.44700914281941,118.5771739606244,2.5276940126296097,2.5276940126296097,0.021781174838201293,0.021781174838201293,1,106215483
3.0,23.20989598959896,71.73192178878378,117.9286298836654,1.879149935670597,1.879149935670597,0.016192661410569867,0.016192661410569867,1,106215483
3.0,23.20989598959896,73.01683443474815,117.16452151254279,1.1150415645479939,1.1150415645479939,0.00960832883566283,0.00960832883566283,1,106215483
3.0,23.20989598959896,74.30174708071253,116.3323220951114,0.2828421471165967,0.2828421471165967,0.002437254757568467,0.002437254757568467,1,106215483
3.0,23.20989598959896,74.50157869372904,116.19607386278933,0.14659391479453632,0.14659391479453632,0.00126320182443066,0.00126320182443066,1,106215483
3.0,23.20989598959896,74.70141030674554,116.05733716592752,0.00785721793272387,0.00785721793272387,6.770575737387984e-5,6.770575737387984e-5,1,106215483
3.0,23.20989598959896,74.71256346004405,116.04951455065023,3.460265543253627e-5,3.460265543253627e-5,2.9817156826590466e-7,2.9817156826590466e-7,1,106215483
3.0,23.20989598959896,75.78649133969341,115.2480074217554,-0.8014725262393938,0.8014725262393938,-0.006906300024770101,0.006906300024770101,1,106215483
3.0,23.20989598959896,76.87157237264128,114.32698732540388,-1.72249262259092,1.72249262259092,-0.014842743141656645,0.014842743141656645,1,106215483
3.0,23.20989598959896,78.15648501860565,113.11058599339134,-2.938893954603458,2.938893954603458,-0.025324490518358746,0.025324490518358746,1,106215483
3.0,23.20989598959896,79.44139766457002,111.79604534758066,-4.253434600414138,4.253434600414138,-0.036651905741587366,0.036651905741587366,1,106215483
3.0,23.20989598959896,80.72631031053439,110.36506660561294,-5.684413342381859,5.684413342381859,-0.048982669676152044,0.048982669676152044,1,106215483
3.0,23.20989598959896,82.01122295649877,108.75850753862393,-7.290972409370866,7.290972409370866,-0.0628264117395284,0.0628264117395284,1,106215483
3.0,23.20989598959896,83.29613560246315,106.95276408825318,-9.096715859741622,9.096715859741622,-0.07838652843440685,0.07838652843440685,1,106215483
3.0,23.20989598959896,84.58104824842752,104.97680169474,-11.072678253254793,11.072678253254793,-0.09541342415508271,0.09541342415508271,1,106215483
3.0,23.20989598959896,85.86596089439189,102.8470125594845,-13.2024673885103,13.2024673885103,-0.11376584707166905,0.11376584707166905,1,106215483
3.0,23.20989598959896,87.15087354035626,100.54185897232443,-15.507620975670363,15.507620975670363,-0.13362938793538573,0.13362938793538573,1,106215483
3.0,23.20989598959896,88.43578618632063,98.01651255581834,-18.03296739217646,18.03296739217646,-0.15539033350479092,0.15539033350479092,1,106215483
3.0,23.20989598959896,89.72069883228501,95.20956314202303,-20.839916805971768,20.839916805971768,-0.1795778560602835,0.1795778560602835,1,106215483
3.0,23.20989598959896,91.00561147824939,92.06530120196301,-23.984178746031787,23.984178746031787,-0.2066720053961449,0.2066720053961449,1,106215483
3.0,23.20989598959896,92.29052412421376,88.53897307347845,-27.510506874516352,27.510506874516352,-0.23705842444830105,0.23705842444830105,1,106215483
3.0,23.20989598959896,93.57543677017813,86.16535733666747,-29.884122611327328,29.884122611327328,-0.2575119046179206,0.2575119046179206,1,106215483
3.0,23.20989598959896,94.86034941614251,81.59440712851914,-34.45507281947566,34.45507281947566,-0.29689984681461734,0.29689984681461734,1,106215483
3.0,23.20989598959896,96.14526206210688,76.68225355762121,-39.36722639037359,39.36722639037359,-0.3392279431843659,0.3392279431843659,1,106215483
3.0,23.20989598959896,97.43017470807125,71.43707060443107,-44.612409343563726,44.612409343563726,-0.38442575842266474,0.38442575842266474,1,106215483
3.0,23.20989598959896,98.71508735403563,65.87126994534943,-50.17821000264537,50.17821000264537,-0.43238634093950024,0.43238634093950024,1,106215483
3.0,23.20989598959896,100.0,60.00000238418551,-56.04947756380929,56.04947756380929,-0.48297913604547577,0.48297913604547577,1,106215483
